
# Surface 0 of 1 surfaces

# Contour 0, label:        0
 1  0  0 
 1  0.015625  0 
 1  0.03125  0 
 1  0.046875  0 
 1  0.0625  0 
 1  0.078125  0 
 1  0.09375  0 
 1  0.109375  0 
 1  0.125  0 
 1  0.140625  0 
 1  0.15625  0 
 1  0.171875  0 
 1  0.1875  0 
 1  0.203125  0 
 1  0.21875  0 
 1  0.234375  0 
 1  0.25  0 
 1  0.265625  0 
 1  0.28125  0 
 1  0.296875  0 
 1  0.3125  0 
 1  0.328125  0 
 1  0.34375  0 
 1  0.359375  0 
 1  0.375  0 
 1  0.390625  0 
 1  0.40625  0 
 1  0.421875  0 
 1  0.4375  0 
 1  0.453125  0 
 1  0.46875  0 
 1  0.484375  0 
 1  0.5  0 
 1  0.515625  0 
 1  0.53125  0 
 1  0.546875  0 
 1  0.5625  0 
 1  0.578125  0 
 1  0.59375  0 
 1  0.609375  0 
 1  0.625  0 
 1  0.640625  0 
 1  0.65625  0 
 1  0.671875  0 
 1  0.6875  0 
 1  0.703125  0 
 1  0.71875  0 
 1  0.734375  0 
 1  0.75  0 
 1  0.765625  0 
 1  0.78125  0 
 1  0.796875  0 
 1  0.8125  0 
 1  0.828125  0 
 1  0.84375  0 
 1  0.859375  0 
 1  0.875  0 
 1  0.890625  0 
 1  0.90625  0 
 1  0.921875  0 
 1  0.9375  0 
 1  0.953125  0 
 1  0.96875  0 
 1  0.984375  0 
 1  1  0 


# Contour 1, label:   -0.005
 0.967156  0 -0.005 
 0.967156  0.015625 -0.005 
 0.967163  0.03125 -0.005 
 0.96717  0.046875 -0.005 
 0.967176  0.0625 -0.005 
 0.967178  0.078125 -0.005 
 0.967184  0.09375 -0.005 
 0.967191  0.109375 -0.005 
 0.967197  0.125 -0.005 
 0.967204  0.140625 -0.005 
 0.967205  0.15625 -0.005 
 0.967211  0.171875 -0.005 
 0.967218  0.1875 -0.005 
 0.967219  0.203125 -0.005 
 0.967225  0.21875 -0.005 
 0.967232  0.234375 -0.005 
 0.967233  0.25 -0.005 
 0.967239  0.265625 -0.005 
 0.967245  0.28125 -0.005 
 0.967246  0.296875 -0.005 
 0.967252  0.3125 -0.005 
 0.967259  0.328125 -0.005 
 0.967259  0.34375 -0.005 
 0.967266  0.359375 -0.005 
 0.967273  0.375 -0.005 
 0.96728  0.390625 -0.005 
 0.967286  0.40625 -0.005 
 0.967287  0.421875 -0.005 
 0.967294  0.4375 -0.005 
 0.9673  0.453125 -0.005 
 0.967308  0.46875 -0.005 
 0.967321  0.484375 -0.005 
 0.967327  0.5 -0.005 
 0.967334  0.515625 -0.005 
 0.967341  0.53125 -0.005 
 0.967354  0.546875 -0.005 
 0.967362  0.5625 -0.005 
 0.967369  0.578125 -0.005 
 0.967376  0.59375 -0.005 
 0.967389  0.609375 -0.005 
 0.967396  0.625 -0.005 
 0.967403  0.640625 -0.005 
 0.96741  0.65625 -0.005 
 0.967422  0.671875 -0.005 
 0.967429  0.6875 -0.005 
 0.967436  0.703125 -0.005 
 0.967437  0.71875 -0.005 
 0.967444  0.734375 -0.005 
 0.96745  0.75 -0.005 
 0.967457  0.765625 -0.005 
 0.967457  0.78125 -0.005 
 0.967464  0.796875 -0.005 
 0.967464  0.8125 -0.005 
 0.96747  0.828125 -0.005 
 0.96747  0.84375 -0.005 
 0.967471  0.859375 -0.005 
 0.967471  0.875 -0.005 
 0.967477  0.890625 -0.005 
 0.967477  0.90625 -0.005 
 0.967477  0.921875 -0.005 
 0.967477  0.9375 -0.005 
 0.967477  0.953125 -0.005 
 0.967477  0.96875 -0.005 
 0.967477  0.984375 -0.005 
 0.967477  1 -0.005 


# Contour 2, label:    -0.01
 0.934406  0 -0.01 
 0.934413  0.015625 -0.01 
 0.934426  0.03125 -0.01 
 0.934434  0.046875 -0.01 
 0.934447  0.0625 -0.01 
 0.934461  0.078125 -0.01 
 0.934469  0.09375 -0.01 
 0.934482  0.109375 -0.01 
 0.93449  0.125 -0.01 
 0.934501  0.140625 -0.01 
 0.934509  0.15625 -0.01 
 0.934522  0.171875 -0.01 
 0.93453  0.1875 -0.01 
 0.934543  0.203125 -0.01 
 0.93455  0.21875 -0.01 
 0.934557  0.234375 -0.01 
 0.934569  0.25 -0.01 
 0.934577  0.265625 -0.01 
 0.934585  0.28125 -0.01 
 0.934591  0.296875 -0.01 
 0.934604  0.3125 -0.01 
 0.934611  0.328125 -0.01 
 0.934618  0.34375 -0.01 
 0.934631  0.359375 -0.01 
 0.934638  0.375 -0.01 
 0.934651  0.390625 -0.01 
 0.934658  0.40625 -0.01 
 0.934673  0.421875 -0.01 
 0.934686  0.4375 -0.01 
 0.934699  0.453125 -0.01 
 0.934713  0.46875 -0.01 
 0.934727  0.484375 -0.01 
 0.934746  0.5 -0.01 
 0.934761  0.515625 -0.01 
 0.93478  0.53125 -0.01 
 0.934801  0.546875 -0.01 
 0.934815  0.5625 -0.01 
 0.934834  0.578125 -0.01 
 0.934855  0.59375 -0.01 
 0.934869  0.609375 -0.01 
 0.934888  0.625 -0.01 
 0.934903  0.640625 -0.01 
 0.934923  0.65625 -0.01 
 0.934936  0.671875 -0.01 
 0.93495  0.6875 -0.01 
 0.934964  0.703125 -0.01 
 0.934977  0.71875 -0.01 
 0.934984  0.734375 -0.01 
 0.934997  0.75 -0.01 
 0.935004  0.765625 -0.01 
 0.935011  0.78125 -0.01 
 0.935018  0.796875 -0.01 
 0.935024  0.8125 -0.01 
 0.935031  0.828125 -0.01 
 0.935037  0.84375 -0.01 
 0.935037  0.859375 -0.01 
 0.935043  0.875 -0.01 
 0.935043  0.890625 -0.01 
 0.935044  0.90625 -0.01 
 0.935044  0.921875 -0.01 
 0.93505  0.9375 -0.01 
 0.93505  0.953125 -0.01 
 0.93505  0.96875 -0.01 
 0.93505  0.984375 -0.01 
 0.93505  1 -0.01 


# Contour 3, label:   -0.015
 0.901862  0 -0.015 
 0.901873  0.015625 -0.015 
 0.901887  0.03125 -0.015 
 0.901907  0.046875 -0.015 
 0.901926  0.0625 -0.015 
 0.901941  0.078125 -0.015 
 0.90196  0.09375 -0.015 
 0.901975  0.109375 -0.015 
 0.901988  0.125 -0.015 
 0.902003  0.140625 -0.015 
 0.90202  0.15625 -0.015 
 0.902035  0.171875 -0.015 
 0.902048  0.1875 -0.015 
 0.902063  0.203125 -0.015 
 0.902076  0.21875 -0.015 
 0.902089  0.234375 -0.015 
 0.902101  0.25 -0.015 
 0.902116  0.265625 -0.015 
 0.902124  0.28125 -0.015 
 0.902137  0.296875 -0.015 
 0.90215  0.3125 -0.015 
 0.902163  0.328125 -0.015 
 0.902176  0.34375 -0.015 
 0.902189  0.359375 -0.015 
 0.902203  0.375 -0.015 
 0.902216  0.390625 -0.015 
 0.902236  0.40625 -0.015 
 0.90225  0.421875 -0.015 
 0.90227  0.4375 -0.015 
 0.902291  0.453125 -0.015 
 0.902312  0.46875 -0.015 
 0.902337  0.484375 -0.015 
 0.902358  0.5 -0.015 
 0.902384  0.515625 -0.015 
 0.902411  0.53125 -0.015 
 0.902439  0.546875 -0.015 
 0.902466  0.5625 -0.015 
 0.902498  0.578125 -0.015 
 0.902525  0.59375 -0.015 
 0.902553  0.609375 -0.015 
 0.902578  0.625 -0.015 
 0.902606  0.640625 -0.015 
 0.902626  0.65625 -0.015 
 0.902652  0.671875 -0.015 
 0.902673  0.6875 -0.015 
 0.902694  0.703125 -0.015 
 0.902713  0.71875 -0.015 
 0.902727  0.734375 -0.015 
 0.90274  0.75 -0.015 
 0.902753  0.765625 -0.015 
 0.902766  0.78125 -0.015 
 0.902774  0.796875 -0.015 
 0.902785  0.8125 -0.015 
 0.902793  0.828125 -0.015 
 0.902794  0.84375 -0.015 
 0.902799  0.859375 -0.015 
 0.902806  0.875 -0.015 
 0.902807  0.890625 -0.015 
 0.902812  0.90625 -0.015 
 0.902812  0.921875 -0.015 
 0.902813  0.9375 -0.015 
 0.902813  0.953125 -0.015 
 0.902813  0.96875 -0.015 
 0.902818  0.984375 -0.015 
 0.902818  1 -0.015 


# Contour 4, label:    -0.02
 0.869625  0 -0.02 
 0.869634  0.015625 -0.02 
 0.869659  0.03125 -0.02 
 0.869679  0.046875 -0.02 
 0.869704  0.0625 -0.02 
 0.869726  0.078125 -0.02 
 0.869747  0.09375 -0.02 
 0.869766  0.109375 -0.02 
 0.869787  0.125 -0.02 
 0.869807  0.140625 -0.02 
 0.869826  0.15625 -0.02 
 0.869845  0.171875 -0.02 
 0.869864  0.1875 -0.02 
 0.869883  0.203125 -0.02 
 0.869898  0.21875 -0.02 
 0.869917  0.234375 -0.02 
 0.869932  0.25 -0.02 
 0.869945  0.265625 -0.02 
 0.869964  0.28125 -0.02 
 0.869977  0.296875 -0.02 
 0.869992  0.3125 -0.02 
 0.870009  0.328125 -0.02 
 0.870024  0.34375 -0.02 
 0.870041  0.359375 -0.02 
 0.870056  0.375 -0.02 
 0.870075  0.390625 -0.02 
 0.870096  0.40625 -0.02 
 0.87012  0.421875 -0.02 
 0.870141  0.4375 -0.02 
 0.870168  0.453125 -0.02 
 0.870196  0.46875 -0.02 
 0.870228  0.484375 -0.02 
 0.870261  0.5 -0.02 
 0.870295  0.515625 -0.02 
 0.870334  0.53125 -0.02 
 0.870367  0.546875 -0.02 
 0.870407  0.5625 -0.02 
 0.870447  0.578125 -0.02 
 0.870488  0.59375 -0.02 
 0.870526  0.609375 -0.02 
 0.870561  0.625 -0.02 
 0.870595  0.640625 -0.02 
 0.870628  0.65625 -0.02 
 0.87066  0.671875 -0.02 
 0.870692  0.6875 -0.02 
 0.870717  0.703125 -0.02 
 0.87074  0.71875 -0.02 
 0.870759  0.734375 -0.02 
 0.870778  0.75 -0.02 
 0.870797  0.765625 -0.02 
 0.870811  0.78125 -0.02 
 0.870824  0.796875 -0.02 
 0.87083  0.8125 -0.02 
 0.870843  0.828125 -0.02 
 0.870849  0.84375 -0.02 
 0.870856  0.859375 -0.02 
 0.870856  0.875 -0.02 
 0.870862  0.890625 -0.02 
 0.870862  0.90625 -0.02 
 0.870868  0.921875 -0.02 
 0.870868  0.9375 -0.02 
 0.870868  0.953125 -0.02 
 0.870868  0.96875 -0.02 
 0.870868  0.984375 -0.02 
 0.870868  1 -0.02 


# Contour 5, label:   -0.025
 0.837771  0 -0.025 
 0.837789  0.015625 -0.025 
 0.837815  0.03125 -0.025 
 0.837842  0.046875 -0.025 
 0.83787  0.0625 -0.025 
 0.837895  0.078125 -0.025 
 0.837921  0.09375 -0.025 
 0.837948  0.109375 -0.025 
 0.837973  0.125 -0.025 
 0.837999  0.140625 -0.025 
 0.83802  0.15625 -0.025 
 0.838045  0.171875 -0.025 
 0.838064  0.1875 -0.025 
 0.838085  0.203125 -0.025 
 0.838108  0.21875 -0.025 
 0.838127  0.234375 -0.025 
 0.838144  0.25 -0.025 
 0.838163  0.265625 -0.025 
 0.83818  0.28125 -0.025 
 0.838199  0.296875 -0.025 
 0.838214  0.3125 -0.025 
 0.838233  0.328125 -0.025 
 0.838249  0.34375 -0.025 
 0.838264  0.359375 -0.025 
 0.838283  0.375 -0.025 
 0.838308  0.390625 -0.025 
 0.838327  0.40625 -0.025 
 0.838353  0.421875 -0.025 
 0.838384  0.4375 -0.025 
 0.838411  0.453125 -0.025 
 0.838449  0.46875 -0.025 
 0.838489  0.484375 -0.025 
 0.838529  0.5 -0.025 
 0.838575  0.515625 -0.025 
 0.838621  0.53125 -0.025 
 0.838672  0.546875 -0.025 
 0.83872  0.5625 -0.025 
 0.838772  0.578125 -0.025 
 0.838824  0.59375 -0.025 
 0.838872  0.609375 -0.025 
 0.838923  0.625 -0.025 
 0.838968  0.640625 -0.025 
 0.839008  0.65625 -0.025 
 0.839047  0.671875 -0.025 
 0.839087  0.6875 -0.025 
 0.839118  0.703125 -0.025 
 0.83915  0.71875 -0.025 
 0.839177  0.734375 -0.025 
 0.839197  0.75 -0.025 
 0.839216  0.765625 -0.025 
 0.839233  0.78125 -0.025 
 0.839247  0.796875 -0.025 
 0.839258  0.8125 -0.025 
 0.839266  0.828125 -0.025 
 0.839272  0.84375 -0.025 
 0.839279  0.859375 -0.025 
 0.839285  0.875 -0.025 
 0.839285  0.890625 -0.025 
 0.839289  0.90625 -0.025 
 0.839291  0.921875 -0.025 
 0.839291  0.9375 -0.025 
 0.839291  0.953125 -0.025 
 0.839296  0.96875 -0.025 
 0.839296  0.984375 -0.025 
 0.839296  1 -0.025 


# Contour 6, label:    -0.03
 0.806383  0 -0.03 
 0.806402  0.015625 -0.03 
 0.806433  0.03125 -0.03 
 0.806466  0.046875 -0.03 
 0.806498  0.0625 -0.03 
 0.806525  0.078125 -0.03 
 0.806556  0.09375 -0.03 
 0.806587  0.109375 -0.03 
 0.806614  0.125 -0.03 
 0.806645  0.140625 -0.03 
 0.806672  0.15625 -0.03 
 0.806697  0.171875 -0.03 
 0.806722  0.1875 -0.03 
 0.806749  0.203125 -0.03 
 0.806772  0.21875 -0.03 
 0.806793  0.234375 -0.03 
 0.806811  0.25 -0.03 
 0.806832  0.265625 -0.03 
 0.806851  0.28125 -0.03 
 0.80687  0.296875 -0.03 
 0.806886  0.3125 -0.03 
 0.806905  0.328125 -0.03 
 0.806919  0.34375 -0.03 
 0.806936  0.359375 -0.03 
 0.806954  0.375 -0.03 
 0.806977  0.390625 -0.03 
 0.806998  0.40625 -0.03 
 0.807029  0.421875 -0.03 
 0.80706  0.4375 -0.03 
 0.807093  0.453125 -0.03 
 0.807134  0.46875 -0.03 
 0.80718  0.484375 -0.03 
 0.807232  0.5 -0.03 
 0.80729  0.515625 -0.03 
 0.807347  0.53125 -0.03 
 0.807411  0.546875 -0.03 
 0.807477  0.5625 -0.03 
 0.807541  0.578125 -0.03 
 0.807607  0.59375 -0.03 
 0.807671  0.609375 -0.03 
 0.80773  0.625 -0.03 
 0.807788  0.640625 -0.03 
 0.807845  0.65625 -0.03 
 0.80789  0.671875 -0.03 
 0.807935  0.6875 -0.03 
 0.807978  0.703125 -0.03 
 0.808011  0.71875 -0.03 
 0.808042  0.734375 -0.03 
 0.808067  0.75 -0.03 
 0.808085  0.765625 -0.03 
 0.808104  0.78125 -0.03 
 0.808116  0.796875 -0.03 
 0.808128  0.8125 -0.03 
 0.808134  0.828125 -0.03 
 0.808145  0.84375 -0.03 
 0.808147  0.859375 -0.03 
 0.808151  0.875 -0.03 
 0.808153  0.890625 -0.03 
 0.808153  0.90625 -0.03 
 0.808157  0.921875 -0.03 
 0.808157  0.9375 -0.03 
 0.808157  0.953125 -0.03 
 0.808156  0.96875 -0.03 
 0.808156  0.984375 -0.03 
 0.808156  1 -0.03 


# Contour 7, label:   -0.035
 0.775512  0 -0.035 
 0.77553  0.015625 -0.035 
 0.775567  0.03125 -0.035 
 0.775604  0.046875 -0.035 
 0.775636  0.0625 -0.035 
 0.775673  0.078125 -0.035 
 0.775706  0.09375 -0.035 
 0.775742  0.109375 -0.035 
 0.775773  0.125 -0.035 
 0.775806  0.140625 -0.035 
 0.775836  0.15625 -0.035 
 0.775867  0.171875 -0.035 
 0.775897  0.1875 -0.035 
 0.775924  0.203125 -0.035 
 0.775948  0.21875 -0.035 
 0.775973  0.234375 -0.035 
 0.775997  0.25 -0.035 
 0.776015  0.265625 -0.035 
 0.776034  0.28125 -0.035 
 0.776052  0.296875 -0.035 
 0.776066  0.3125 -0.035 
 0.776082  0.328125 -0.035 
 0.776095  0.34375 -0.035 
 0.776111  0.359375 -0.035 
 0.776123  0.375 -0.035 
 0.776141  0.390625 -0.035 
 0.776164  0.40625 -0.035 
 0.776188  0.421875 -0.035 
 0.776219  0.4375 -0.035 
 0.776255  0.453125 -0.035 
 0.776304  0.46875 -0.035 
 0.776355  0.484375 -0.035 
 0.776418  0.5 -0.035 
 0.776487  0.515625 -0.035 
 0.776562  0.53125 -0.035 
 0.77664  0.546875 -0.035 
 0.776723  0.5625 -0.035 
 0.77681  0.578125 -0.035 
 0.776893  0.59375 -0.035 
 0.776975  0.609375 -0.035 
 0.777051  0.625 -0.035 
 0.777121  0.640625 -0.035 
 0.777188  0.65625 -0.035 
 0.777245  0.671875 -0.035 
 0.7773  0.6875 -0.035 
 0.777344  0.703125 -0.035 
 0.77738  0.71875 -0.035 
 0.777416  0.734375 -0.035 
 0.777441  0.75 -0.035 
 0.777465  0.765625 -0.035 
 0.777477  0.78125 -0.035 
 0.777494  0.796875 -0.035 
 0.777501  0.8125 -0.035 
 0.777506  0.828125 -0.035 
 0.777512  0.84375 -0.035 
 0.777512  0.859375 -0.035 
 0.777516  0.875 -0.035 
 0.777516  0.890625 -0.035 
 0.77751  0.90625 -0.035 
 0.77751  0.921875 -0.035 
 0.77751  0.9375 -0.035 
 0.777509  0.953125 -0.035 
 0.777509  0.96875 -0.035 
 0.777509  0.984375 -0.035 
 0.777509  1 -0.035 


# Contour 8, label:    -0.04
 0.745199  0 -0.04 
 0.745219  0.015625 -0.04 
 0.745259  0.03125 -0.04 
 0.745297  0.046875 -0.04 
 0.745339  0.0625 -0.04 
 0.745377  0.078125 -0.04 
 0.745413  0.09375 -0.04 
 0.74545  0.109375 -0.04 
 0.745486  0.125 -0.04 
 0.745524  0.140625 -0.04 
 0.74556  0.15625 -0.04 
 0.745591  0.171875 -0.04 
 0.745625  0.1875 -0.04 
 0.745651  0.203125 -0.04 
 0.745681  0.21875 -0.04 
 0.745707  0.234375 -0.04 
 0.74573  0.25 -0.04 
 0.745753  0.265625 -0.04 
 0.745771  0.28125 -0.04 
 0.745784  0.296875 -0.04 
 0.745801  0.3125 -0.04 
 0.745811  0.328125 -0.04 
 0.745817  0.34375 -0.04 
 0.745827  0.359375 -0.04 
 0.745833  0.375 -0.04 
 0.745844  0.390625 -0.04 
 0.745859  0.40625 -0.04 
 0.745875  0.421875 -0.04 
 0.745899  0.4375 -0.04 
 0.745935  0.453125 -0.04 
 0.745983  0.46875 -0.04 
 0.746044  0.484375 -0.04 
 0.746118  0.5 -0.04 
 0.746203  0.515625 -0.04 
 0.746297  0.53125 -0.04 
 0.746402  0.546875 -0.04 
 0.746509  0.5625 -0.04 
 0.746619  0.578125 -0.04 
 0.746728  0.59375 -0.04 
 0.746827  0.609375 -0.04 
 0.746925  0.625 -0.04 
 0.747011  0.640625 -0.04 
 0.747089  0.65625 -0.04 
 0.747161  0.671875 -0.04 
 0.747216  0.6875 -0.04 
 0.747269  0.703125 -0.04 
 0.747311  0.71875 -0.04 
 0.74734  0.734375 -0.04 
 0.747365  0.75 -0.04 
 0.747388  0.765625 -0.04 
 0.7474  0.78125 -0.04 
 0.747411  0.796875 -0.04 
 0.747416  0.8125 -0.04 
 0.747416  0.828125 -0.04 
 0.747416  0.84375 -0.04 
 0.747415  0.859375 -0.04 
 0.747415  0.875 -0.04 
 0.747409  0.890625 -0.04 
 0.747408  0.90625 -0.04 
 0.747402  0.921875 -0.04 
 0.747401  0.9375 -0.04 
 0.747395  0.953125 -0.04 
 0.747395  0.96875 -0.04 
 0.747395  0.984375 -0.04 
 0.747395  1 -0.04 


# Contour 9, label:   -0.045
 0.71547  0 -0.045 
 0.715494  0.015625 -0.045 
 0.715536  0.03125 -0.045 
 0.715577  0.046875 -0.045 
 0.715619  0.0625 -0.045 
 0.71566  0.078125 -0.045 
 0.715702  0.09375 -0.045 
 0.715743  0.109375 -0.045 
 0.715784  0.125 -0.045 
 0.715825  0.140625 -0.045 
 0.715862  0.15625 -0.045 
 0.715898  0.171875 -0.045 
 0.715933  0.1875 -0.045 
 0.715968  0.203125 -0.045 
 0.715999  0.21875 -0.045 
 0.716028  0.234375 -0.045 
 0.716051  0.25 -0.045 
 0.716075  0.265625 -0.045 
 0.716092  0.28125 -0.045 
 0.716104  0.296875 -0.045 
 0.716116  0.3125 -0.045 
 0.71612  0.328125 -0.045 
 0.71612  0.34375 -0.045 
 0.716118  0.359375 -0.045 
 0.716112  0.375 -0.045 
 0.71611  0.390625 -0.045 
 0.716108  0.40625 -0.045 
 0.716111  0.421875 -0.045 
 0.716121  0.4375 -0.045 
 0.71615  0.453125 -0.045 
 0.716196  0.46875 -0.045 
 0.716261  0.484375 -0.045 
 0.71635  0.5 -0.045 
 0.716453  0.515625 -0.045 
 0.716579  0.53125 -0.045 
 0.716717  0.546875 -0.045 
 0.716855  0.5625 -0.045 
 0.716998  0.578125 -0.045 
 0.717141  0.59375 -0.045 
 0.717271  0.609375 -0.045 
 0.717389  0.625 -0.045 
 0.717494  0.640625 -0.045 
 0.717588  0.65625 -0.045 
 0.717664  0.671875 -0.045 
 0.717728  0.6875 -0.045 
 0.71778  0.703125 -0.045 
 0.717821  0.71875 -0.045 
 0.71785  0.734375 -0.045 
 0.717873  0.75 -0.045 
 0.717884  0.765625 -0.045 
 0.717896  0.78125 -0.045 
 0.717896  0.796875 -0.045 
 0.717895  0.8125 -0.045 
 0.717895  0.828125 -0.045 
 0.717889  0.84375 -0.045 
 0.717883  0.859375 -0.045 
 0.717871  0.875 -0.045 
 0.717865  0.890625 -0.045 
 0.717859  0.90625 -0.045 
 0.717847  0.921875 -0.045 
 0.717842  0.9375 -0.045 
 0.717841  0.953125 -0.045 
 0.717835  0.96875 -0.045 
 0.717835  0.984375 -0.045 
 0.71783  1 -0.045 


# Contour 10, label:    -0.05
 0.688854  1 -0.05 
 0.688854  0.984375 -0.05 
 0.68886  0.96875 -0.05 
 0.688866  0.953125 -0.05 
 0.688872  0.9375 -0.05 
 0.688883  0.921875 -0.05 
 0.688894  0.90625 -0.05 
 0.688906  0.890625 -0.05 
 0.688922  0.875 -0.05 
 0.688934  0.859375 -0.05 
 0.68895  0.84375 -0.05 
 0.688967  0.828125 -0.05 
 0.688978  0.8125 -0.05 
 0.688989  0.796875 -0.05 
 0.688994  0.78125 -0.05 
 0.688994  0.765625 -0.05 
 0.688988  0.75 -0.05 
 0.688975  0.734375 -0.05 
 0.688952  0.71875 -0.05 
 0.688912  0.703125 -0.05 
 0.688866  0.6875 -0.05 
 0.688797  0.671875 -0.05 
 0.688711  0.65625 -0.05 
 0.688608  0.640625 -0.05 
 0.688477  0.625 -0.05 
 0.688329  0.609375 -0.05 
 0.688163  0.59375 -0.05 
 0.687979  0.578125 -0.05 
 0.687783  0.5625 -0.05 
 0.687587  0.546875 -0.05 
 0.6875  0.539551 -0.05 
 0.687402  0.53125 -0.05 
 0.687235  0.515625 -0.05 
 0.687096  0.5 -0.05 
 0.686992  0.484375 -0.05 
 0.686928  0.46875 -0.05 
 0.686894  0.453125 -0.05 
 0.686883  0.4375 -0.05 
 0.686901  0.421875 -0.05 
 0.686925  0.40625 -0.05 
 0.686955  0.390625 -0.05 
 0.686984  0.375 -0.05 
 0.687007  0.359375 -0.05 
 0.687019  0.34375 -0.05 
 0.687031  0.328125 -0.05 
 0.687031  0.3125 -0.05 
 0.687025  0.296875 -0.05 
 0.687014  0.28125 -0.05 
 0.686997  0.265625 -0.05 
 0.686974  0.25 -0.05 
 0.686945  0.234375 -0.05 
 0.686916  0.21875 -0.05 
 0.686882  0.203125 -0.05 
 0.686842  0.1875 -0.05 
 0.686801  0.171875 -0.05 
 0.686761  0.15625 -0.05 
 0.686721  0.140625 -0.05 
 0.686675  0.125 -0.05 
 0.686634  0.109375 -0.05 
 0.686589  0.09375 -0.05 
 0.686542  0.078125 -0.05 
 0.686497  0.0625 -0.05 
 0.686451  0.046875 -0.05 
 0.686405  0.03125 -0.05 
 0.686359  0.015625 -0.05 
 0.686341  0 -0.05 


# Contour 11, label:   -0.055
 0.657821  0 -0.055 
 0.657849  0.015625 -0.055 
 0.657894  0.03125 -0.055 
 0.657945  0.046875 -0.055 
 0.65799  0.0625 -0.055 
 0.65804  0.078125 -0.055 
 0.658091  0.09375 -0.055 
 0.658137  0.109375 -0.055 
 0.658187  0.125 -0.055 
 0.658237  0.140625 -0.055 
 0.658282  0.15625 -0.055 
 0.658328  0.171875 -0.055 
 0.658372  0.1875 -0.055 
 0.658417  0.203125 -0.055 
 0.658456  0.21875 -0.055 
 0.658489  0.234375 -0.055 
 0.658523  0.25 -0.055 
 0.658551  0.265625 -0.055 
 0.658568  0.28125 -0.055 
 0.658584  0.296875 -0.055 
 0.658585  0.3125 -0.055 
 0.658579  0.328125 -0.055 
 0.658563  0.34375 -0.055 
 0.658531  0.359375 -0.055 
 0.658487  0.375 -0.055 
 0.658422  0.390625 -0.055 
 0.658347  0.40625 -0.055 
 0.658271  0.421875 -0.055 
 0.658202  0.4375 -0.055 
 0.658155  0.453125 -0.055 
 0.658157  0.46875 -0.055 
 0.658221  0.484375 -0.055 
 0.658346  0.5 -0.055 
 0.658535  0.515625 -0.055 
 0.658773  0.53125 -0.055 
 0.659042  0.546875 -0.055 
 0.659321  0.5625 -0.055 
 0.659593  0.578125 -0.055 
 0.659842  0.59375 -0.055 
 0.660058  0.609375 -0.055 
 0.660239  0.625 -0.055 
 0.660382  0.640625 -0.055 
 0.660498  0.65625 -0.055 
 0.660582  0.671875 -0.055 
 0.660641  0.6875 -0.055 
 0.660681  0.703125 -0.055 
 0.660705  0.71875 -0.055 
 0.660718  0.734375 -0.055 
 0.660716  0.75 -0.055 
 0.660708  0.765625 -0.055 
 0.660697  0.78125 -0.055 
 0.660677  0.796875 -0.055 
 0.660656  0.8125 -0.055 
 0.660632  0.828125 -0.055 
 0.660605  0.84375 -0.055 
 0.660584  0.859375 -0.055 
 0.660563  0.875 -0.055 
 0.660536  0.890625 -0.055 
 0.66052  0.90625 -0.055 
 0.660504  0.921875 -0.055 
 0.660489  0.9375 -0.055 
 0.660478  0.953125 -0.055 
 0.660472  0.96875 -0.055 
 0.660466  0.984375 -0.055 
 0.660466  1 -0.055 


# Contour 12, label:    -0.06
 0.629917  0 -0.06 
 0.629943  0.015625 -0.06 
 0.629992  0.03125 -0.06 
 0.630042  0.046875 -0.06 
 0.630092  0.0625 -0.06 
 0.630146  0.078125 -0.06 
 0.630195  0.09375 -0.06 
 0.630249  0.109375 -0.06 
 0.630304  0.125 -0.06 
 0.630358  0.140625 -0.06 
 0.630407  0.15625 -0.06 
 0.630461  0.171875 -0.06 
 0.630509  0.1875 -0.06 
 0.630562  0.203125 -0.06 
 0.630604  0.21875 -0.06 
 0.630648  0.234375 -0.06 
 0.630685  0.25 -0.06 
 0.630716  0.265625 -0.06 
 0.630741  0.28125 -0.06 
 0.630762  0.296875 -0.06 
 0.630767  0.3125 -0.06 
 0.630765  0.328125 -0.06 
 0.630743  0.34375 -0.06 
 0.630704  0.359375 -0.06 
 0.630637  0.375 -0.06 
 0.630536  0.390625 -0.06 
 0.630391  0.40625 -0.06 
 0.630219  0.421875 -0.06 
 0.630035  0.4375 -0.06 
 0.629886  0.453125 -0.06 
 0.629804  0.46875 -0.06 
 0.629829  0.484375 -0.06 
 0.629982  0.5 -0.06 
 0.630261  0.515625 -0.06 
 0.630629  0.53125 -0.06 
 0.63105  0.546875 -0.06 
 0.631475  0.5625 -0.06 
 0.631866  0.578125 -0.06 
 0.632204  0.59375 -0.06 
 0.632472  0.609375 -0.06 
 0.632676  0.625 -0.06 
 0.632826  0.640625 -0.06 
 0.632932  0.65625 -0.06 
 0.633006  0.671875 -0.06 
 0.633047  0.6875 -0.06 
 0.633069  0.703125 -0.06 
 0.633072  0.71875 -0.06 
 0.633064  0.734375 -0.06 
 0.633042  0.75 -0.06 
 0.633018  0.765625 -0.06 
 0.632985  0.78125 -0.06 
 0.632947  0.796875 -0.06 
 0.632911  0.8125 -0.06 
 0.632873  0.828125 -0.06 
 0.63284  0.84375 -0.06 
 0.632804  0.859375 -0.06 
 0.632771  0.875 -0.06 
 0.632741  0.890625 -0.06 
 0.632713  0.90625 -0.06 
 0.632691  0.921875 -0.06 
 0.632672  0.9375 -0.06 
 0.632658  0.953125 -0.06 
 0.632647  0.96875 -0.06 
 0.632642  0.984375 -0.06 
 0.632642  1 -0.06 


# Contour 13, label:   -0.065
 0.602592  0 -0.065 
 0.602616  0.015625 -0.065 
 0.602665  0.03125 -0.065 
 0.602719  0.046875 -0.065 
 0.602773  0.0625 -0.065 
 0.602824  0.078125 -0.065 
 0.602883  0.09375 -0.065 
 0.602939  0.109375 -0.065 
 0.602995  0.125 -0.065 
 0.603055  0.140625 -0.065 
 0.603116  0.15625 -0.065 
 0.603172  0.171875 -0.065 
 0.603229  0.1875 -0.065 
 0.603285  0.203125 -0.065 
 0.603341  0.21875 -0.065 
 0.603391  0.234375 -0.065 
 0.603436  0.25 -0.065 
 0.603478  0.265625 -0.065 
 0.603512  0.28125 -0.065 
 0.603538  0.296875 -0.065 
 0.603556  0.3125 -0.065 
 0.603558  0.328125 -0.065 
 0.603551  0.34375 -0.065 
 0.60352  0.359375 -0.065 
 0.603469  0.375 -0.065 
 0.603376  0.390625 -0.065 
 0.603117  0.40625 -0.065 
 0.602771  0.421875 -0.065 
 0.602376  0.4375 -0.065 
 0.601987  0.453125 -0.065 
 0.601692  0.46875 -0.065 
 0.601602  0.484375 -0.065 
 0.601799  0.5 -0.065 
 0.602266  0.515625 -0.065 
 0.60291  0.53125 -0.065 
 0.603614  0.546875 -0.065 
 0.604281  0.5625 -0.065 
 0.604854  0.578125 -0.065 
 0.605322  0.59375 -0.065 
 0.605616  0.609375 -0.065 
 0.605809  0.625 -0.065 
 0.605939  0.640625 -0.065 
 0.606018  0.65625 -0.065 
 0.606055  0.671875 -0.065 
 0.606065  0.6875 -0.065 
 0.606054  0.703125 -0.065 
 0.606028  0.71875 -0.065 
 0.605992  0.734375 -0.065 
 0.605944  0.75 -0.065 
 0.605893  0.765625 -0.065 
 0.605837  0.78125 -0.065 
 0.60578  0.796875 -0.065 
 0.605728  0.8125 -0.065 
 0.605673  0.828125 -0.065 
 0.605626  0.84375 -0.065 
 0.605578  0.859375 -0.065 
 0.605533  0.875 -0.065 
 0.605498  0.890625 -0.065 
 0.605465  0.90625 -0.065 
 0.605432  0.921875 -0.065 
 0.60541  0.9375 -0.065 
 0.605392  0.953125 -0.065 
 0.605381  0.96875 -0.065 
 0.605371  0.984375 -0.065 
 0.605371  1 -0.065 


# Contour 14, label:    -0.07
 0.578636  1 -0.07 
 0.578636  0.984375 -0.07 
 0.578646  0.96875 -0.07 
 0.578662  0.953125 -0.07 
 0.578683  0.9375 -0.07 
 0.57871  0.921875 -0.07 
 0.578747  0.90625 -0.07 
 0.578789  0.890625 -0.07 
 0.578837  0.875 -0.07 
 0.57889  0.859375 -0.07 
 0.578953  0.84375 -0.07 
 0.579016  0.828125 -0.07 
 0.579089  0.8125 -0.07 
 0.579163  0.796875 -0.07 
 0.579241  0.78125 -0.07 
 0.579324  0.765625 -0.07 
 0.579402  0.75 -0.07 
 0.579485  0.734375 -0.07 
 0.579562  0.71875 -0.07 
 0.579632  0.703125 -0.07 
 0.579688  0.6875 -0.07 
 0.579731  0.671875 -0.07 
 0.579748  0.65625 -0.07 
 0.579728  0.640625 -0.07 
 0.579662  0.625 -0.07 
 0.579538  0.609375 -0.07 
 0.579268  0.59375 -0.07 
 0.578645  0.578125 -0.07 
 0.578125  0.568044 -0.07 
 0.577844  0.5625 -0.07 
 0.576816  0.546875 -0.07 
 0.575553  0.53125 -0.07 
 0.574229  0.515625 -0.07 
 0.573262  0.5 -0.07 
 0.573007  0.484375 -0.07 
 0.573484  0.46875 -0.07 
 0.574384  0.453125 -0.07 
 0.575296  0.4375 -0.07 
 0.576017  0.421875 -0.07 
 0.576565  0.40625 -0.07 
 0.576925  0.390625 -0.07 
 0.576935  0.375 -0.07 
 0.576949  0.359375 -0.07 
 0.576948  0.34375 -0.07 
 0.576942  0.328125 -0.07 
 0.57692  0.3125 -0.07 
 0.576888  0.296875 -0.07 
 0.57685  0.28125 -0.07 
 0.576803  0.265625 -0.07 
 0.576749  0.25 -0.07 
 0.576691  0.234375 -0.07 
 0.576632  0.21875 -0.07 
 0.576569  0.203125 -0.07 
 0.576505  0.1875 -0.07 
 0.576441  0.171875 -0.07 
 0.576377  0.15625 -0.07 
 0.576308  0.140625 -0.07 
 0.576244  0.125 -0.07 
 0.576181  0.109375 -0.07 
 0.576122  0.09375 -0.07 
 0.576064  0.078125 -0.07 
 0.576006  0.0625 -0.07 
 0.575948  0.046875 -0.07 
 0.575894  0.03125 -0.07 
 0.575846  0.015625 -0.07 
 0.575821  0 -0.07 


# Contour 15, label:   -0.075
 0.54961  0 -0.075 
 0.549635  0.015625 -0.075 
 0.549687  0.03125 -0.075 
 0.549741  0.046875 -0.075 
 0.549802  0.0625 -0.075 
 0.549859  0.078125 -0.075 
 0.549926  0.09375 -0.075 
 0.549993  0.109375 -0.075 
 0.550059  0.125 -0.075 
 0.550131  0.140625 -0.075 
 0.550203  0.15625 -0.075 
 0.550276  0.171875 -0.075 
 0.550351  0.1875 -0.075 
 0.550428  0.203125 -0.075 
 0.550504  0.21875 -0.075 
 0.550575  0.234375 -0.075 
 0.550645  0.25 -0.075 
 0.550715  0.265625 -0.075 
 0.550775  0.28125 -0.075 
 0.550833  0.296875 -0.075 
 0.550882  0.3125 -0.075 
 0.550921  0.328125 -0.075 
 0.550953  0.34375 -0.075 
 0.550971  0.359375 -0.075 
 0.55098  0.375 -0.075 
 0.550984  0.390625 -0.075 
 0.550818  0.40625 -0.075 
 0.550346  0.421875 -0.075 
 0.549309  0.4375 -0.075 
 0.547257  0.453125 -0.075 
 0.546875  0.455344 -0.075 
 0.541521  0.46875 -0.075 
 0.537578  0.484375 -0.075 
 0.538187  0.5 -0.075 
 0.543496  0.515625 -0.075 
 0.546875  0.522361 -0.075 
 0.548759  0.53125 -0.075 
 0.5512  0.546875 -0.075 
 0.552657  0.5625 -0.075 
 0.553505  0.578125 -0.075 
 0.554003  0.59375 -0.075 
 0.554184  0.609375 -0.075 
 0.554212  0.625 -0.075 
 0.554177  0.640625 -0.075 
 0.554104  0.65625 -0.075 
 0.55401  0.671875 -0.075 
 0.553898  0.6875 -0.075 
 0.553783  0.703125 -0.075 
 0.55366  0.71875 -0.075 
 0.55354  0.734375 -0.075 
 0.55342  0.75 -0.075 
 0.55331  0.765625 -0.075 
 0.553199  0.78125 -0.075 
 0.553097  0.796875 -0.075 
 0.553  0.8125 -0.075 
 0.552914  0.828125 -0.075 
 0.552832  0.84375 -0.075 
 0.552758  0.859375 -0.075 
 0.552692  0.875 -0.075 
 0.552637  0.890625 -0.075 
 0.552587  0.90625 -0.075 
 0.552542  0.921875 -0.075 
 0.552511  0.9375 -0.075 
 0.552487  0.953125 -0.075 
 0.552466  0.96875 -0.075 
 0.552458  0.984375 -0.075 
 0.552456  1 -0.075 


# Contour 16, label:    -0.08
 0.523928  0 -0.08 
 0.523954  0.015625 -0.08 
 0.524007  0.03125 -0.08 
 0.524063  0.046875 -0.08 
 0.524121  0.0625 -0.08 
 0.524185  0.078125 -0.08 
 0.524253  0.09375 -0.08 
 0.524324  0.109375 -0.08 
 0.524398  0.125 -0.08 
 0.524476  0.140625 -0.08 
 0.524554  0.15625 -0.08 
 0.524638  0.171875 -0.08 
 0.524721  0.1875 -0.08 
 0.524806  0.203125 -0.08 
 0.524894  0.21875 -0.08 
 0.524982  0.234375 -0.08 
 0.525067  0.25 -0.08 
 0.525152  0.265625 -0.08 
 0.525233  0.28125 -0.08 
 0.52531  0.296875 -0.08 
 0.525376  0.3125 -0.08 
 0.525437  0.328125 -0.08 
 0.525488  0.34375 -0.08 
 0.525522  0.359375 -0.08 
 0.525549  0.375 -0.08 
 0.525558  0.390625 -0.08 
 0.526119  0.40625 -0.08 
 0.526483  0.421875 -0.08 
 0.526133  0.4375 -0.08 
 0.524427  0.453125 -0.08 
 0.520412  0.46875 -0.08 
 0.519725  0.484375 -0.08 
 0.51984  0.5 -0.08 
 0.520717  0.515625 -0.08 
 0.52555  0.53125 -0.08 
 0.528046  0.546875 -0.08 
 0.529177  0.5625 -0.08 
 0.529565  0.578125 -0.08 
 0.52956  0.59375 -0.08 
 0.529482  0.609375 -0.08 
 0.529343  0.625 -0.08 
 0.529172  0.640625 -0.08 
 0.528982  0.65625 -0.08 
 0.528788  0.671875 -0.08 
 0.528599  0.6875 -0.08 
 0.528416  0.703125 -0.08 
 0.528239  0.71875 -0.08 
 0.528073  0.734375 -0.08 
 0.527915  0.75 -0.08 
 0.52777  0.765625 -0.08 
 0.52763  0.78125 -0.08 
 0.527504  0.796875 -0.08 
 0.527389  0.8125 -0.08 
 0.527286  0.828125 -0.08 
 0.527187  0.84375 -0.08 
 0.527103  0.859375 -0.08 
 0.527026  0.875 -0.08 
 0.526962  0.890625 -0.08 
 0.526906  0.90625 -0.08 
 0.526855  0.921875 -0.08 
 0.526818  0.9375 -0.08 
 0.526788  0.953125 -0.08 
 0.52677  0.96875 -0.08 
 0.526756  0.984375 -0.08 
 0.526756  1 -0.08 


# Contour 17, label:   -0.085
 0.501522  1 -0.085 
 0.501526  0.984375 -0.085 
 0.501536  0.96875 -0.085 
 0.501561  0.953125 -0.085 
 0.501592  0.9375 -0.085 
 0.501636  0.921875 -0.085 
 0.501691  0.90625 -0.085 
 0.501751  0.890625 -0.085 
 0.50183  0.875 -0.085 
 0.501914  0.859375 -0.085 
 0.502013  0.84375 -0.085 
 0.502123  0.828125 -0.085 
 0.502241  0.8125 -0.085 
 0.502379  0.796875 -0.085 
 0.502528  0.78125 -0.085 
 0.502694  0.765625 -0.085 
 0.502874  0.75 -0.085 
 0.503069  0.734375 -0.085 
 0.503286  0.71875 -0.085 
 0.503516  0.703125 -0.085 
 0.503772  0.6875 -0.085 
 0.504045  0.671875 -0.085 
 0.504345  0.65625 -0.085 
 0.504671  0.640625 -0.085 
 0.505021  0.625 -0.085 
 0.505395  0.609375 -0.085 
 0.505929  0.59375 -0.085 
 0.50691  0.578125 -0.085 
 0.507689  0.5625 -0.085 
 0.508061  0.546875 -0.085 
 0.507747  0.53125 -0.085 
 0.507099  0.515625 -0.085 
 0.506864  0.5 -0.085 
 0.506685  0.484375 -0.085 
 0.506585  0.46875 -0.085 
 0.506589  0.453125 -0.085 
 0.505837  0.4375 -0.085 
 0.504367  0.421875 -0.085 
 0.502408  0.40625 -0.085 
 0.50063  0.390625 -0.085 
 0.50061  0.375 -0.085 
 0.500576  0.359375 -0.085 
 0.500517  0.34375 -0.085 
 0.500448  0.328125 -0.085 
 0.500359  0.3125 -0.085 
 0.500269  0.296875 -0.085 
 0.50017  0.28125 -0.085 
 0.500065  0.265625 -0.085 
 0.5  0.255952 -0.085 
 0.49996  0.25 -0.085 
 0.499857  0.234375 -0.085 
 0.499758  0.21875 -0.085 
 0.499658  0.203125 -0.085 
 0.499559  0.1875 -0.085 
 0.499465  0.171875 -0.085 
 0.499375  0.15625 -0.085 
 0.499286  0.140625 -0.085 
 0.499206  0.125 -0.085 
 0.499126  0.109375 -0.085 
 0.499052  0.09375 -0.085 
 0.498982  0.078125 -0.085 
 0.498917  0.0625 -0.085 
 0.498853  0.046875 -0.085 
 0.498798  0.03125 -0.085 
 0.498743  0.015625 -0.085 
 0.498719  0 -0.085 


# Contour 18, label:    -0.09
 0.474009  0 -0.09 
 0.474032  0.015625 -0.09 
 0.474086  0.03125 -0.09 
 0.474145  0.046875 -0.09 
 0.474207  0.0625 -0.09 
 0.474276  0.078125 -0.09 
 0.474349  0.09375 -0.09 
 0.474429  0.109375 -0.09 
 0.474513  0.125 -0.09 
 0.474604  0.140625 -0.09 
 0.474698  0.15625 -0.09 
 0.474799  0.171875 -0.09 
 0.474905  0.1875 -0.09 
 0.475014  0.203125 -0.09 
 0.475127  0.21875 -0.09 
 0.475248  0.234375 -0.09 
 0.475371  0.25 -0.09 
 0.475497  0.265625 -0.09 
 0.475625  0.28125 -0.09 
 0.47575  0.296875 -0.09 
 0.475873  0.3125 -0.09 
 0.475988  0.328125 -0.09 
 0.47609  0.34375 -0.09 
 0.476173  0.359375 -0.09 
 0.476229  0.375 -0.09 
 0.476258  0.390625 -0.09 
 0.479167  0.40625 -0.09 
 0.48287  0.421875 -0.09 
 0.484375  0.42779 -0.09 
 0.486537  0.4375 -0.09 
 0.489939  0.453125 -0.09 
 0.492454  0.46875 -0.09 
 0.493699  0.484375 -0.09 
 0.493972  0.5 -0.09 
 0.493305  0.515625 -0.09 
 0.49158  0.53125 -0.09 
 0.489317  0.546875 -0.09 
 0.486978  0.5625 -0.09 
 0.484755  0.578125 -0.09 
 0.484375  0.581072 -0.09 
 0.482653  0.59375 -0.09 
 0.481637  0.609375 -0.09 
 0.481035  0.625 -0.09 
 0.480523  0.640625 -0.09 
 0.480076  0.65625 -0.09 
 0.479685  0.671875 -0.09 
 0.479338  0.6875 -0.09 
 0.479024  0.703125 -0.09 
 0.478742  0.71875 -0.09 
 0.478489  0.734375 -0.09 
 0.478263  0.75 -0.09 
 0.478055  0.765625 -0.09 
 0.477868  0.78125 -0.09 
 0.477702  0.796875 -0.09 
 0.477551  0.8125 -0.09 
 0.477415  0.828125 -0.09 
 0.477293  0.84375 -0.09 
 0.477188  0.859375 -0.09 
 0.477095  0.875 -0.09 
 0.477011  0.890625 -0.09 
 0.476945  0.90625 -0.09 
 0.476886  0.921875 -0.09 
 0.47684  0.9375 -0.09 
 0.476805  0.953125 -0.09 
 0.476783  0.96875 -0.09 
 0.476769  0.984375 -0.09 
 0.476766  1 -0.09 


# Contour 19, label:   -0.095
 0.449723  0 -0.095 
 0.449747  0.015625 -0.095 
 0.449799  0.03125 -0.095 
 0.449857  0.046875 -0.095 
 0.449919  0.0625 -0.095 
 0.449991  0.078125 -0.095 
 0.450064  0.09375 -0.095 
 0.450147  0.109375 -0.095 
 0.450238  0.125 -0.095 
 0.450331  0.140625 -0.095 
 0.450432  0.15625 -0.095 
 0.450538  0.171875 -0.095 
 0.450654  0.1875 -0.095 
 0.450775  0.203125 -0.095 
 0.450906  0.21875 -0.095 
 0.451042  0.234375 -0.095 
 0.451182  0.25 -0.095 
 0.451332  0.265625 -0.095 
 0.451487  0.28125 -0.095 
 0.451642  0.296875 -0.095 
 0.451801  0.3125 -0.095 
 0.451955  0.328125 -0.095 
 0.4521  0.34375 -0.095 
 0.452226  0.359375 -0.095 
 0.452312  0.375 -0.095 
 0.452355  0.390625 -0.095 
 0.453125  0.394135 -0.095 
 0.455784  0.40625 -0.095 
 0.46052  0.421875 -0.095 
 0.466127  0.4375 -0.095 
 0.46875  0.442367 -0.095 
 0.473058  0.453125 -0.095 
 0.480198  0.46875 -0.095 
 0.481937  0.484375 -0.095 
 0.482224  0.5 -0.095 
 0.481174  0.515625 -0.095 
 0.475285  0.53125 -0.095 
 0.470035  0.546875 -0.095 
 0.46875  0.55189 -0.095 
 0.465585  0.5625 -0.095 
 0.462161  0.578125 -0.095 
 0.459312  0.59375 -0.095 
 0.457991  0.609375 -0.095 
 0.457251  0.625 -0.095 
 0.456632  0.640625 -0.095 
 0.456102  0.65625 -0.095 
 0.455641  0.671875 -0.095 
 0.455234  0.6875 -0.095 
 0.454876  0.703125 -0.095 
 0.454556  0.71875 -0.095 
 0.454273  0.734375 -0.095 
 0.454019  0.75 -0.095 
 0.453787  0.765625 -0.095 
 0.453585  0.78125 -0.095 
 0.453401  0.796875 -0.095 
 0.453236  0.8125 -0.095 
 0.453125  0.824479 -0.095 
 0.453091  0.828125 -0.095 
 0.452962  0.84375 -0.095 
 0.452847  0.859375 -0.095 
 0.452746  0.875 -0.095 
 0.452664  0.890625 -0.095 
 0.452592  0.90625 -0.095 
 0.452529  0.921875 -0.095 
 0.452481  0.9375 -0.095 
 0.452443  0.953125 -0.095 
 0.452419  0.96875 -0.095 
 0.452404  0.984375 -0.095 
 0.452404  1 -0.095 


# Contour 20, label:     -0.1
 0.425857  0 -0.1 
 0.425877  0.015625 -0.1 
 0.42593  0.03125 -0.1 
 0.42599  0.046875 -0.1 
 0.426052  0.0625 -0.1 
 0.426126  0.078125 -0.1 
 0.426202  0.09375 -0.1 
 0.426288  0.109375 -0.1 
 0.426381  0.125 -0.1 
 0.426481  0.140625 -0.1 
 0.426589  0.15625 -0.1 
 0.426704  0.171875 -0.1 
 0.426829  0.1875 -0.1 
 0.426963  0.203125 -0.1 
 0.427107  0.21875 -0.1 
 0.42726  0.234375 -0.1 
 0.42742  0.25 -0.1 
 0.427598  0.265625 -0.1 
 0.427779  0.28125 -0.1 
 0.427975  0.296875 -0.1 
 0.428179  0.3125 -0.1 
 0.428386  0.328125 -0.1 
 0.428598  0.34375 -0.1 
 0.428795  0.359375 -0.1 
 0.428954  0.375 -0.1 
 0.429037  0.390625 -0.1 
 0.432164  0.40625 -0.1 
 0.436705  0.421875 -0.1 
 0.4375  0.424274 -0.1 
 0.442048  0.4375 -0.1 
 0.449642  0.453125 -0.1 
 0.453125  0.457831 -0.1 
 0.46875  0.466068 -0.1 
 0.470286  0.46875 -0.1 
 0.472913  0.484375 -0.1 
 0.473328  0.5 -0.1 
 0.471884  0.515625 -0.1 
 0.46875  0.521219 -0.1 
 0.454729  0.53125 -0.1 
 0.453125  0.534738 -0.1 
 0.44689  0.546875 -0.1 
 0.442138  0.5625 -0.1 
 0.438633  0.578125 -0.1 
 0.4375  0.584142 -0.1 
 0.435693  0.59375 -0.1 
 0.43435  0.609375 -0.1 
 0.433593  0.625 -0.1 
 0.432942  0.640625 -0.1 
 0.432378  0.65625 -0.1 
 0.431886  0.671875 -0.1 
 0.431452  0.6875 -0.1 
 0.431068  0.703125 -0.1 
 0.430731  0.71875 -0.1 
 0.430429  0.734375 -0.1 
 0.430159  0.75 -0.1 
 0.429917  0.765625 -0.1 
 0.429704  0.78125 -0.1 
 0.429512  0.796875 -0.1 
 0.429339  0.8125 -0.1 
 0.429189  0.828125 -0.1 
 0.429053  0.84375 -0.1 
 0.428935  0.859375 -0.1 
 0.428832  0.875 -0.1 
 0.428742  0.890625 -0.1 
 0.428668  0.90625 -0.1 
 0.428603  0.921875 -0.1 
 0.428554  0.9375 -0.1 
 0.428513  0.953125 -0.1 
 0.428489  0.96875 -0.1 
 0.428475  0.984375 -0.1 
 0.42847  1 -0.1 


# Contour 21, label:   -0.105
 0.402374  0 -0.105 
 0.402397  0.015625 -0.105 
 0.402448  0.03125 -0.105 
 0.402504  0.046875 -0.105 
 0.402569  0.0625 -0.105 
 0.40264  0.078125 -0.105 
 0.402719  0.09375 -0.105 
 0.402807  0.109375 -0.105 
 0.402901  0.125 -0.105 
 0.403003  0.140625 -0.105 
 0.403116  0.15625 -0.105 
 0.403237  0.171875 -0.105 
 0.403368  0.1875 -0.105 
 0.403513  0.203125 -0.105 
 0.403664  0.21875 -0.105 
 0.403831  0.234375 -0.105 
 0.404009  0.25 -0.105 
 0.404206  0.265625 -0.105 
 0.404416  0.28125 -0.105 
 0.404649  0.296875 -0.105 
 0.404897  0.3125 -0.105 
 0.405171  0.328125 -0.105 
 0.405464  0.34375 -0.105 
 0.405773  0.359375 -0.105 
 0.406075  0.375 -0.105 
 0.40625  0.387965 -0.105 
 0.406286  0.390625 -0.105 
 0.408746  0.40625 -0.105 
 0.41221  0.421875 -0.105 
 0.416036  0.4375 -0.105 
 0.420312  0.453125 -0.105 
 0.421875  0.458945 -0.105 
 0.425107  0.46875 -0.105 
 0.429461  0.484375 -0.105 
 0.430736  0.5 -0.105 
 0.428216  0.515625 -0.105 
 0.424034  0.53125 -0.105 
 0.421875  0.539701 -0.105 
 0.420275  0.546875 -0.105 
 0.417091  0.5625 -0.105 
 0.414367  0.578125 -0.105 
 0.411951  0.59375 -0.105 
 0.410801  0.609375 -0.105 
 0.410089  0.625 -0.105 
 0.409446  0.640625 -0.105 
 0.408875  0.65625 -0.105 
 0.408374  0.671875 -0.105 
 0.407929  0.6875 -0.105 
 0.407536  0.703125 -0.105 
 0.407189  0.71875 -0.105 
 0.406879  0.734375 -0.105 
 0.406602  0.75 -0.105 
 0.406353  0.765625 -0.105 
 0.40625  0.772939 -0.105 
 0.406134  0.78125 -0.105 
 0.405938  0.796875 -0.105 
 0.405766  0.8125 -0.105 
 0.405612  0.828125 -0.105 
 0.405472  0.84375 -0.105 
 0.405351  0.859375 -0.105 
 0.405248  0.875 -0.105 
 0.405155  0.890625 -0.105 
 0.405081  0.90625 -0.105 
 0.405015  0.921875 -0.105 
 0.404968  0.9375 -0.105 
 0.404927  0.953125 -0.105 
 0.404903  0.96875 -0.105 
 0.404889  0.984375 -0.105 
 0.404885  1 -0.105 


# Contour 22, label:    -0.11
 0.379251  0 -0.11 
 0.379274  0.015625 -0.11 
 0.379325  0.03125 -0.11 
 0.37938  0.046875 -0.11 
 0.379445  0.0625 -0.11 
 0.379518  0.078125 -0.11 
 0.3796  0.09375 -0.11 
 0.379687  0.109375 -0.11 
 0.379784  0.125 -0.11 
 0.379888  0.140625 -0.11 
 0.380006  0.15625 -0.11 
 0.38013  0.171875 -0.11 
 0.380267  0.1875 -0.11 
 0.380417  0.203125 -0.11 
 0.38058  0.21875 -0.11 
 0.380759  0.234375 -0.11 
 0.380953  0.25 -0.11 
 0.381168  0.265625 -0.11 
 0.381405  0.28125 -0.11 
 0.381665  0.296875 -0.11 
 0.381957  0.3125 -0.11 
 0.382287  0.328125 -0.11 
 0.382663  0.34375 -0.11 
 0.383106  0.359375 -0.11 
 0.383646  0.375 -0.11 
 0.384366  0.390625 -0.11 
 0.385902  0.40625 -0.11 
 0.388116  0.421875 -0.11 
 0.390496  0.4375 -0.11 
 0.390625  0.438381 -0.11 
 0.39295  0.453125 -0.11 
 0.395196  0.46875 -0.11 
 0.396823  0.484375 -0.11 
 0.397418  0.5 -0.11 
 0.396886  0.515625 -0.11 
 0.395516  0.53125 -0.11 
 0.393743  0.546875 -0.11 
 0.391894  0.5625 -0.11 
 0.390625  0.573636 -0.11 
 0.390135  0.578125 -0.11 
 0.38855  0.59375 -0.11 
 0.387506  0.609375 -0.11 
 0.386792  0.625 -0.11 
 0.386161  0.640625 -0.11 
 0.385608  0.65625 -0.11 
 0.385119  0.671875 -0.11 
 0.384686  0.6875 -0.11 
 0.384302  0.703125 -0.11 
 0.383962  0.71875 -0.11 
 0.383657  0.734375 -0.11 
 0.383385  0.75 -0.11 
 0.38314  0.765625 -0.11 
 0.382923  0.78125 -0.11 
 0.382729  0.796875 -0.11 
 0.382554  0.8125 -0.11 
 0.3824  0.828125 -0.11 
 0.382263  0.84375 -0.11 
 0.382143  0.859375 -0.11 
 0.382037  0.875 -0.11 
 0.381945  0.890625 -0.11 
 0.381871  0.90625 -0.11 
 0.381807  0.921875 -0.11 
 0.381756  0.9375 -0.11 
 0.381716  0.953125 -0.11 
 0.381691  0.96875 -0.11 
 0.381677  0.984375 -0.11 
 0.381673  1 -0.11 


# Contour 23, label:   -0.115
 0.35646  0 -0.115 
 0.356483  0.015625 -0.115 
 0.356532  0.03125 -0.115 
 0.356587  0.046875 -0.115 
 0.35665  0.0625 -0.115 
 0.356721  0.078125 -0.115 
 0.356799  0.09375 -0.115 
 0.356889  0.109375 -0.115 
 0.356984  0.125 -0.115 
 0.357092  0.140625 -0.115 
 0.357209  0.15625 -0.115 
 0.357336  0.171875 -0.115 
 0.357476  0.1875 -0.115 
 0.357629  0.203125 -0.115 
 0.357797  0.21875 -0.115 
 0.357977  0.234375 -0.115 
 0.358181  0.25 -0.115 
 0.358406  0.265625 -0.115 
 0.358654  0.28125 -0.115 
 0.358934  0.296875 -0.115 
 0.359253  0.3125 -0.115 
 0.359375  0.317773 -0.115 
 0.359615  0.328125 -0.115 
 0.360043  0.34375 -0.115 
 0.360556  0.359375 -0.115 
 0.361192  0.375 -0.115 
 0.362016  0.390625 -0.115 
 0.363116  0.40625 -0.115 
 0.364481  0.421875 -0.115 
 0.365967  0.4375 -0.115 
 0.367421  0.453125 -0.115 
 0.368669  0.46875 -0.115 
 0.369551  0.484375 -0.115 
 0.369939  0.5 -0.115 
 0.369805  0.515625 -0.115 
 0.36922  0.53125 -0.115 
 0.368329  0.546875 -0.115 
 0.367275  0.5625 -0.115 
 0.366196  0.578125 -0.115 
 0.365195  0.59375 -0.115 
 0.36435  0.609375 -0.115 
 0.36366  0.625 -0.115 
 0.363066  0.640625 -0.115 
 0.362548  0.65625 -0.115 
 0.362089  0.671875 -0.115 
 0.361682  0.6875 -0.115 
 0.361314  0.703125 -0.115 
 0.360987  0.71875 -0.115 
 0.360693  0.734375 -0.115 
 0.360432  0.75 -0.115 
 0.360194  0.765625 -0.115 
 0.359983  0.78125 -0.115 
 0.359791  0.796875 -0.115 
 0.359622  0.8125 -0.115 
 0.359471  0.828125 -0.115 
 0.359375  0.839062 -0.115 
 0.359334  0.84375 -0.115 
 0.359216  0.859375 -0.115 
 0.359117  0.875 -0.115 
 0.359026  0.890625 -0.115 
 0.358954  0.90625 -0.115 
 0.35889  0.921875 -0.115 
 0.35884  0.9375 -0.115 
 0.358804  0.953125 -0.115 
 0.358777  0.96875 -0.115 
 0.358763  0.984375 -0.115 
 0.358759  1 -0.115 


# Contour 24, label:    -0.12
 0.333993  0 -0.12 
 0.334013  0.015625 -0.12 
 0.334059  0.03125 -0.12 
 0.334113  0.046875 -0.12 
 0.334176  0.0625 -0.12 
 0.334245  0.078125 -0.12 
 0.334323  0.09375 -0.12 
 0.334413  0.109375 -0.12 
 0.334506  0.125 -0.12 
 0.334614  0.140625 -0.12 
 0.33473  0.15625 -0.12 
 0.334858  0.171875 -0.12 
 0.334998  0.1875 -0.12 
 0.335153  0.203125 -0.12 
 0.33532  0.21875 -0.12 
 0.335506  0.234375 -0.12 
 0.335712  0.25 -0.12 
 0.33594  0.265625 -0.12 
 0.336192  0.28125 -0.12 
 0.336478  0.296875 -0.12 
 0.336798  0.3125 -0.12 
 0.337165  0.328125 -0.12 
 0.337589  0.34375 -0.12 
 0.338084  0.359375 -0.12 
 0.338675  0.375 -0.12 
 0.339379  0.390625 -0.12 
 0.340201  0.40625 -0.12 
 0.341122  0.421875 -0.12 
 0.342075  0.4375 -0.12 
 0.342975  0.453125 -0.12 
 0.343736  0.46875 -0.12 
 0.34375  0.469169 -0.12 
 0.344293  0.484375 -0.12 
 0.344574  0.5 -0.12 
 0.344566  0.515625 -0.12 
 0.344287  0.53125 -0.12 
 0.343804  0.546875 -0.12 
 0.34375  0.548218 -0.12 
 0.343198  0.5625 -0.12 
 0.34253  0.578125 -0.12 
 0.341861  0.59375 -0.12 
 0.341236  0.609375 -0.12 
 0.34067  0.625 -0.12 
 0.340162  0.640625 -0.12 
 0.339706  0.65625 -0.12 
 0.339298  0.671875 -0.12 
 0.338926  0.6875 -0.12 
 0.338594  0.703125 -0.12 
 0.338294  0.71875 -0.12 
 0.338022  0.734375 -0.12 
 0.337775  0.75 -0.12 
 0.337553  0.765625 -0.12 
 0.337352  0.78125 -0.12 
 0.337172  0.796875 -0.12 
 0.337012  0.8125 -0.12 
 0.336865  0.828125 -0.12 
 0.336737  0.84375 -0.12 
 0.336625  0.859375 -0.12 
 0.336524  0.875 -0.12 
 0.336438  0.890625 -0.12 
 0.336366  0.90625 -0.12 
 0.336306  0.921875 -0.12 
 0.336256  0.9375 -0.12 
 0.33622  0.953125 -0.12 
 0.336196  0.96875 -0.12 
 0.33618  0.984375 -0.12 
 0.33618  1 -0.12 


# Contour 25, label:   -0.125
 0.313853  1 -0.125 
 0.313857  0.984375 -0.125 
 0.313871  0.96875 -0.125 
 0.313893  0.953125 -0.125 
 0.313929  0.9375 -0.125 
 0.313974  0.921875 -0.125 
 0.314032  0.90625 -0.125 
 0.314103  0.890625 -0.125 
 0.314184  0.875 -0.125 
 0.314278  0.859375 -0.125 
 0.314385  0.84375 -0.125 
 0.31451  0.828125 -0.125 
 0.314645  0.8125 -0.125 
 0.314797  0.796875 -0.125 
 0.314967  0.78125 -0.125 
 0.315156  0.765625 -0.125 
 0.31536  0.75 -0.125 
 0.315589  0.734375 -0.125 
 0.315839  0.71875 -0.125 
 0.316112  0.703125 -0.125 
 0.316408  0.6875 -0.125 
 0.316736  0.671875 -0.125 
 0.317089  0.65625 -0.125 
 0.317476  0.640625 -0.125 
 0.317891  0.625 -0.125 
 0.318336  0.609375 -0.125 
 0.318799  0.59375 -0.125 
 0.319264  0.578125 -0.125 
 0.319707  0.5625 -0.125 
 0.320085  0.546875 -0.125 
 0.320362  0.53125 -0.125 
 0.3205  0.515625 -0.125 
 0.320469  0.5 -0.125 
 0.32026  0.484375 -0.125 
 0.319884  0.46875 -0.125 
 0.319365  0.453125 -0.125 
 0.318754  0.4375 -0.125 
 0.318091  0.421875 -0.125 
 0.31743  0.40625 -0.125 
 0.316806  0.390625 -0.125 
 0.316235  0.375 -0.125 
 0.315727  0.359375 -0.125 
 0.315279  0.34375 -0.125 
 0.314883  0.328125 -0.125 
 0.314534  0.3125 -0.125 
 0.314227  0.296875 -0.125 
 0.313947  0.28125 -0.125 
 0.313702  0.265625 -0.125 
 0.313476  0.25 -0.125 
 0.313272  0.234375 -0.125 
 0.31309  0.21875 -0.125 
 0.312921  0.203125 -0.125 
 0.31277  0.1875 -0.125 
 0.312633  0.171875 -0.125 
 0.312504  0.15625 -0.125 
 0.3125  0.155649 -0.125 
 0.31239  0.140625 -0.125 
 0.312289  0.125 -0.125 
 0.312192  0.109375 -0.125 
 0.312109  0.09375 -0.125 
 0.312034  0.078125 -0.125 
 0.311968  0.0625 -0.125 
 0.311907  0.046875 -0.125 
 0.311854  0.03125 -0.125 
 0.31181  0.015625 -0.125 
 0.311793  0 -0.125 


# Contour 26, label:    -0.13
 0.289882  0 -0.13 
 0.289899  0.015625 -0.13 
 0.289941  0.03125 -0.13 
 0.289991  0.046875 -0.13 
 0.290048  0.0625 -0.13 
 0.290113  0.078125 -0.13 
 0.290187  0.09375 -0.13 
 0.290268  0.109375 -0.13 
 0.29036  0.125 -0.13 
 0.290458  0.140625 -0.13 
 0.29057  0.15625 -0.13 
 0.290692  0.171875 -0.13 
 0.290826  0.1875 -0.13 
 0.29097  0.203125 -0.13 
 0.29113  0.21875 -0.13 
 0.291306  0.234375 -0.13 
 0.291501  0.25 -0.13 
 0.291712  0.265625 -0.13 
 0.291945  0.28125 -0.13 
 0.292204  0.296875 -0.13 
 0.292491  0.3125 -0.13 
 0.292806  0.328125 -0.13 
 0.293158  0.34375 -0.13 
 0.293542  0.359375 -0.13 
 0.293964  0.375 -0.13 
 0.294418  0.390625 -0.13 
 0.294897  0.40625 -0.13 
 0.29538  0.421875 -0.13 
 0.29585  0.4375 -0.13 
 0.296276  0.453125 -0.13 
 0.296638  0.46875 -0.13 
 0.296875  0.482759 -0.13 
 0.296903  0.484375 -0.13 
 0.297066  0.5 -0.13 
 0.297107  0.515625 -0.13 
 0.297042  0.53125 -0.13 
 0.29688  0.546875 -0.13 
 0.296875  0.547175 -0.13 
 0.296644  0.5625 -0.13 
 0.296351  0.578125 -0.13 
 0.296029  0.59375 -0.13 
 0.295688  0.609375 -0.13 
 0.295348  0.625 -0.13 
 0.295019  0.640625 -0.13 
 0.294704  0.65625 -0.13 
 0.294403  0.671875 -0.13 
 0.294125  0.6875 -0.13 
 0.293867  0.703125 -0.13 
 0.293626  0.71875 -0.13 
 0.293404  0.734375 -0.13 
 0.293201  0.75 -0.13 
 0.293014  0.765625 -0.13 
 0.292841  0.78125 -0.13 
 0.292685  0.796875 -0.13 
 0.292547  0.8125 -0.13 
 0.292421  0.828125 -0.13 
 0.292309  0.84375 -0.13 
 0.292206  0.859375 -0.13 
 0.292118  0.875 -0.13 
 0.292041  0.890625 -0.13 
 0.291976  0.90625 -0.13 
 0.291924  0.921875 -0.13 
 0.29188  0.9375 -0.13 
 0.291846  0.953125 -0.13 
 0.291824  0.96875 -0.13 
 0.291811  0.984375 -0.13 
 0.291808  1 -0.13 


# Contour 27, label:   -0.135
 0.268194  0 -0.135 
 0.268211  0.015625 -0.135 
 0.26825  0.03125 -0.135 
 0.268298  0.046875 -0.135 
 0.268354  0.0625 -0.135 
 0.268415  0.078125 -0.135 
 0.268485  0.09375 -0.135 
 0.268563  0.109375 -0.135 
 0.26865  0.125 -0.135 
 0.268746  0.140625 -0.135 
 0.26885  0.15625 -0.135 
 0.268968  0.171875 -0.135 
 0.269095  0.1875 -0.135 
 0.269234  0.203125 -0.135 
 0.269384  0.21875 -0.135 
 0.26955  0.234375 -0.135 
 0.269734  0.25 -0.135 
 0.269932  0.265625 -0.135 
 0.270148  0.28125 -0.135 
 0.270384  0.296875 -0.135 
 0.270645  0.3125 -0.135 
 0.270925  0.328125 -0.135 
 0.271231  0.34375 -0.135 
 0.27156  0.359375 -0.135 
 0.271908  0.375 -0.135 
 0.272274  0.390625 -0.135 
 0.27265  0.40625 -0.135 
 0.27302  0.421875 -0.135 
 0.273373  0.4375 -0.135 
 0.273691  0.453125 -0.135 
 0.273959  0.46875 -0.135 
 0.274158  0.484375 -0.135 
 0.274286  0.5 -0.135 
 0.274331  0.515625 -0.135 
 0.274303  0.53125 -0.135 
 0.274204  0.546875 -0.135 
 0.274043  0.5625 -0.135 
 0.27384  0.578125 -0.135 
 0.273605  0.59375 -0.135 
 0.273351  0.609375 -0.135 
 0.273088  0.625 -0.135 
 0.272826  0.640625 -0.135 
 0.272567  0.65625 -0.135 
 0.272318  0.671875 -0.135 
 0.272083  0.6875 -0.135 
 0.271857  0.703125 -0.135 
 0.271649  0.71875 -0.135 
 0.271453  0.734375 -0.135 
 0.27127  0.75 -0.135 
 0.271102  0.765625 -0.135 
 0.270947  0.78125 -0.135 
 0.270807  0.796875 -0.135 
 0.270679  0.8125 -0.135 
 0.270563  0.828125 -0.135 
 0.270457  0.84375 -0.135 
 0.270365  0.859375 -0.135 
 0.270284  0.875 -0.135 
 0.27021  0.890625 -0.135 
 0.270152  0.90625 -0.135 
 0.2701  0.921875 -0.135 
 0.270059  0.9375 -0.135 
 0.270029  0.953125 -0.135 
 0.270007  0.96875 -0.135 
 0.269994  0.984375 -0.135 
 0.269994  1 -0.135 


# Contour 28, label:    -0.14
 0.246739  0 -0.14 
 0.246752  0.015625 -0.14 
 0.246791  0.03125 -0.14 
 0.246837  0.046875 -0.14 
 0.246887  0.0625 -0.14 
 0.246942  0.078125 -0.14 
 0.24701  0.09375 -0.14 
 0.247082  0.109375 -0.14 
 0.247163  0.125 -0.14 
 0.247256  0.140625 -0.14 
 0.247353  0.15625 -0.14 
 0.247463  0.171875 -0.14 
 0.247582  0.1875 -0.14 
 0.247709  0.203125 -0.14 
 0.247849  0.21875 -0.14 
 0.248002  0.234375 -0.14 
 0.248172  0.25 -0.14 
 0.248351  0.265625 -0.14 
 0.248546  0.28125 -0.14 
 0.248759  0.296875 -0.14 
 0.248986  0.3125 -0.14 
 0.24923  0.328125 -0.14 
 0.249491  0.34375 -0.14 
 0.249767  0.359375 -0.14 
 0.25  0.372159 -0.14 
 0.250052  0.375 -0.14 
 0.25035  0.390625 -0.14 
 0.250645  0.40625 -0.14 
 0.250934  0.421875 -0.14 
 0.251202  0.4375 -0.14 
 0.251445  0.453125 -0.14 
 0.251648  0.46875 -0.14 
 0.251802  0.484375 -0.14 
 0.251906  0.5 -0.14 
 0.251951  0.515625 -0.14 
 0.251941  0.53125 -0.14 
 0.25188  0.546875 -0.14 
 0.25177  0.5625 -0.14 
 0.251629  0.578125 -0.14 
 0.251457  0.59375 -0.14 
 0.251268  0.609375 -0.14 
 0.251063  0.625 -0.14 
 0.250855  0.640625 -0.14 
 0.250647  0.65625 -0.14 
 0.250441  0.671875 -0.14 
 0.250244  0.6875 -0.14 
 0.250052  0.703125 -0.14 
 0.25  0.707589 -0.14 
 0.249871  0.71875 -0.14 
 0.249702  0.734375 -0.14 
 0.249543  0.75 -0.14 
 0.249397  0.765625 -0.14 
 0.24926  0.78125 -0.14 
 0.249131  0.796875 -0.14 
 0.249016  0.8125 -0.14 
 0.248913  0.828125 -0.14 
 0.248819  0.84375 -0.14 
 0.248734  0.859375 -0.14 
 0.248657  0.875 -0.14 
 0.248593  0.890625 -0.14 
 0.248537  0.90625 -0.14 
 0.248491  0.921875 -0.14 
 0.248456  0.9375 -0.14 
 0.248427  0.953125 -0.14 
 0.248405  0.96875 -0.14 
 0.248397  0.984375 -0.14 
 0.248392  1 -0.14 


# Contour 29, label:   -0.145
 0.225487  0 -0.145 
 0.225502  0.015625 -0.145 
 0.225538  0.03125 -0.145 
 0.225578  0.046875 -0.145 
 0.225624  0.0625 -0.145 
 0.225679  0.078125 -0.145 
 0.225741  0.09375 -0.145 
 0.225808  0.109375 -0.145 
 0.225884  0.125 -0.145 
 0.225969  0.140625 -0.145 
 0.22606  0.15625 -0.145 
 0.226159  0.171875 -0.145 
 0.226272  0.1875 -0.145 
 0.22639  0.203125 -0.145 
 0.226518  0.21875 -0.145 
 0.226658  0.234375 -0.145 
 0.226811  0.25 -0.145 
 0.226973  0.265625 -0.145 
 0.227151  0.28125 -0.145 
 0.227337  0.296875 -0.145 
 0.227536  0.3125 -0.145 
 0.227749  0.328125 -0.145 
 0.22797  0.34375 -0.145 
 0.228202  0.359375 -0.145 
 0.22844  0.375 -0.145 
 0.228681  0.390625 -0.145 
 0.228915  0.40625 -0.145 
 0.229142  0.421875 -0.145 
 0.229352  0.4375 -0.145 
 0.229542  0.453125 -0.145 
 0.229699  0.46875 -0.145 
 0.22982  0.484375 -0.145 
 0.229904  0.5 -0.145 
 0.229943  0.515625 -0.145 
 0.229944  0.53125 -0.145 
 0.229908  0.546875 -0.145 
 0.229834  0.5625 -0.145 
 0.229732  0.578125 -0.145 
 0.229605  0.59375 -0.145 
 0.229461  0.609375 -0.145 
 0.229302  0.625 -0.145 
 0.229138  0.640625 -0.145 
 0.228973  0.65625 -0.145 
 0.228804  0.671875 -0.145 
 0.228639  0.6875 -0.145 
 0.22848  0.703125 -0.145 
 0.228326  0.71875 -0.145 
 0.228178  0.734375 -0.145 
 0.228039  0.75 -0.145 
 0.22791  0.765625 -0.145 
 0.227787  0.78125 -0.145 
 0.227677  0.796875 -0.145 
 0.227574  0.8125 -0.145 
 0.227478  0.828125 -0.145 
 0.227395  0.84375 -0.145 
 0.227317  0.859375 -0.145 
 0.227251  0.875 -0.145 
 0.227193  0.890625 -0.145 
 0.22714  0.90625 -0.145 
 0.227099  0.921875 -0.145 
 0.227065  0.9375 -0.145 
 0.22704  0.953125 -0.145 
 0.22702  0.96875 -0.145 
 0.227012  0.984375 -0.145 
 0.227008  1 -0.145 


# Contour 30, label:    -0.15
 0.204408  0 -0.15 
 0.204421  0.015625 -0.15 
 0.204455  0.03125 -0.15 
 0.204493  0.046875 -0.15 
 0.204535  0.0625 -0.15 
 0.204586  0.078125 -0.15 
 0.204641  0.09375 -0.15 
 0.204704  0.109375 -0.15 
 0.204773  0.125 -0.15 
 0.204849  0.140625 -0.15 
 0.204934  0.15625 -0.15 
 0.205027  0.171875 -0.15 
 0.205129  0.1875 -0.15 
 0.205236  0.203125 -0.15 
 0.205351  0.21875 -0.15 
 0.205479  0.234375 -0.15 
 0.205616  0.25 -0.15 
 0.205762  0.265625 -0.15 
 0.205917  0.28125 -0.15 
 0.206081  0.296875 -0.15 
 0.206254  0.3125 -0.15 
 0.206437  0.328125 -0.15 
 0.206625  0.34375 -0.15 
 0.206818  0.359375 -0.15 
 0.207013  0.375 -0.15 
 0.207212  0.390625 -0.15 
 0.2074  0.40625 -0.15 
 0.207584  0.421875 -0.15 
 0.207751  0.4375 -0.15 
 0.207901  0.453125 -0.15 
 0.208027  0.46875 -0.15 
 0.208123  0.484375 -0.15 
 0.208191  0.5 -0.15 
 0.20823  0.515625 -0.15 
 0.208234  0.53125 -0.15 
 0.208212  0.546875 -0.15 
 0.208161  0.5625 -0.15 
 0.208086  0.578125 -0.15 
 0.20799  0.59375 -0.15 
 0.20788  0.609375 -0.15 
 0.207758  0.625 -0.15 
 0.207627  0.640625 -0.15 
 0.207493  0.65625 -0.15 
 0.207354  0.671875 -0.15 
 0.207217  0.6875 -0.15 
 0.207085  0.703125 -0.15 
 0.206952  0.71875 -0.15 
 0.206826  0.734375 -0.15 
 0.206708  0.75 -0.15 
 0.206594  0.765625 -0.15 
 0.20649  0.78125 -0.15 
 0.206391  0.796875 -0.15 
 0.2063  0.8125 -0.15 
 0.206217  0.828125 -0.15 
 0.20614  0.84375 -0.15 
 0.206071  0.859375 -0.15 
 0.206011  0.875 -0.15 
 0.205959  0.890625 -0.15 
 0.205912  0.90625 -0.15 
 0.205877  0.921875 -0.15 
 0.205843  0.9375 -0.15 
 0.205822  0.953125 -0.15 
 0.205805  0.96875 -0.15 
 0.205796  0.984375 -0.15 
 0.205795  1 -0.15 


# Contour 31, label:   -0.155
 0.183506  0 -0.155 
 0.183519  0.015625 -0.155 
 0.183547  0.03125 -0.155 
 0.183583  0.046875 -0.155 
 0.183621  0.0625 -0.155 
 0.183666  0.078125 -0.155 
 0.183719  0.09375 -0.155 
 0.183776  0.109375 -0.155 
 0.183837  0.125 -0.155 
 0.183907  0.140625 -0.155 
 0.183985  0.15625 -0.155 
 0.184066  0.171875 -0.155 
 0.184156  0.1875 -0.155 
 0.184251  0.203125 -0.155 
 0.184357  0.21875 -0.155 
 0.184469  0.234375 -0.155 
 0.184588  0.25 -0.155 
 0.184715  0.265625 -0.155 
 0.184848  0.28125 -0.155 
 0.184992  0.296875 -0.155 
 0.18514  0.3125 -0.155 
 0.185293  0.328125 -0.155 
 0.185451  0.34375 -0.155 
 0.185612  0.359375 -0.155 
 0.185774  0.375 -0.155 
 0.185932  0.390625 -0.155 
 0.186087  0.40625 -0.155 
 0.186233  0.421875 -0.155 
 0.186367  0.4375 -0.155 
 0.186485  0.453125 -0.155 
 0.186586  0.46875 -0.155 
 0.186666  0.484375 -0.155 
 0.186721  0.5 -0.155 
 0.186755  0.515625 -0.155 
 0.186764  0.53125 -0.155 
 0.186747  0.546875 -0.155 
 0.186713  0.5625 -0.155 
 0.186659  0.578125 -0.155 
 0.186587  0.59375 -0.155 
 0.186503  0.609375 -0.155 
 0.186407  0.625 -0.155 
 0.186306  0.640625 -0.155 
 0.186197  0.65625 -0.155 
 0.186085  0.671875 -0.155 
 0.185972  0.6875 -0.155 
 0.185863  0.703125 -0.155 
 0.185751  0.71875 -0.155 
 0.185647  0.734375 -0.155 
 0.185547  0.75 -0.155 
 0.185448  0.765625 -0.155 
 0.185357  0.78125 -0.155 
 0.185274  0.796875 -0.155 
 0.185195  0.8125 -0.155 
 0.185121  0.828125 -0.155 
 0.185055  0.84375 -0.155 
 0.184997  0.859375 -0.155 
 0.184943  0.875 -0.155 
 0.184894  0.890625 -0.155 
 0.184857  0.90625 -0.155 
 0.184823  0.921875 -0.155 
 0.184795  0.9375 -0.155 
 0.184774  0.953125 -0.155 
 0.184758  0.96875 -0.155 
 0.18475  0.984375 -0.155 
 0.184749  1 -0.155 


# Contour 32, label:    -0.16
 0.162752  0 -0.16 
 0.162762  0.015625 -0.16 
 0.162787  0.03125 -0.16 
 0.162818  0.046875 -0.16 
 0.162853  0.0625 -0.16 
 0.162894  0.078125 -0.16 
 0.162939  0.09375 -0.16 
 0.162991  0.109375 -0.16 
 0.163047  0.125 -0.16 
 0.163111  0.140625 -0.16 
 0.163176  0.15625 -0.16 
 0.163249  0.171875 -0.16 
 0.163327  0.1875 -0.16 
 0.163414  0.203125 -0.16 
 0.163505  0.21875 -0.16 
 0.163605  0.234375 -0.16 
 0.163707  0.25 -0.16 
 0.163819  0.265625 -0.16 
 0.163935  0.28125 -0.16 
 0.164056  0.296875 -0.16 
 0.164184  0.3125 -0.16 
 0.164313  0.328125 -0.16 
 0.164448  0.34375 -0.16 
 0.16458  0.359375 -0.16 
 0.164715  0.375 -0.16 
 0.164846  0.390625 -0.16 
 0.164971  0.40625 -0.16 
 0.16509  0.421875 -0.16 
 0.165197  0.4375 -0.16 
 0.165292  0.453125 -0.16 
 0.165376  0.46875 -0.16 
 0.16544  0.484375 -0.16 
 0.165487  0.5 -0.16 
 0.165515  0.515625 -0.16 
 0.165525  0.53125 -0.16 
 0.165517  0.546875 -0.16 
 0.165491  0.5625 -0.16 
 0.165452  0.578125 -0.16 
 0.165396  0.59375 -0.16 
 0.16533  0.609375 -0.16 
 0.165255  0.625 -0.16 
 0.165174  0.640625 -0.16 
 0.165087  0.65625 -0.16 
 0.164995  0.671875 -0.16 
 0.164904  0.6875 -0.16 
 0.164811  0.703125 -0.16 
 0.164719  0.71875 -0.16 
 0.164632  0.734375 -0.16 
 0.164546  0.75 -0.16 
 0.164462  0.765625 -0.16 
 0.164387  0.78125 -0.16 
 0.164311  0.796875 -0.16 
 0.164244  0.8125 -0.16 
 0.164181  0.828125 -0.16 
 0.164125  0.84375 -0.16 
 0.164073  0.859375 -0.16 
 0.164025  0.875 -0.16 
 0.163985  0.890625 -0.16 
 0.16395  0.90625 -0.16 
 0.163919  0.921875 -0.16 
 0.163896  0.9375 -0.16 
 0.163879  0.953125 -0.16 
 0.163865  0.96875 -0.16 
 0.163858  0.984375 -0.16 
 0.163856  1 -0.16 


# Contour 33, label:   -0.165
 0.142117  0 -0.165 
 0.142129  0.015625 -0.165 
 0.14215  0.03125 -0.165 
 0.142175  0.046875 -0.165 
 0.142208  0.0625 -0.165 
 0.142242  0.078125 -0.165 
 0.142283  0.09375 -0.165 
 0.142329  0.109375 -0.165 
 0.142379  0.125 -0.165 
 0.142434  0.140625 -0.165 
 0.142492  0.15625 -0.165 
 0.142555  0.171875 -0.165 
 0.142626  0.1875 -0.165 
 0.142698  0.203125 -0.165 
 0.142777  0.21875 -0.165 
 0.142862  0.234375 -0.165 
 0.14295  0.25 -0.165 
 0.143047  0.265625 -0.165 
 0.143145  0.28125 -0.165 
 0.143246  0.296875 -0.165 
 0.143353  0.3125 -0.165 
 0.143464  0.328125 -0.165 
 0.143575  0.34375 -0.165 
 0.143682  0.359375 -0.165 
 0.143794  0.375 -0.165 
 0.143902  0.390625 -0.165 
 0.144002  0.40625 -0.165 
 0.144098  0.421875 -0.165 
 0.144184  0.4375 -0.165 
 0.144263  0.453125 -0.165 
 0.144329  0.46875 -0.165 
 0.144381  0.484375 -0.165 
 0.14442  0.5 -0.165 
 0.144445  0.515625 -0.165 
 0.144455  0.53125 -0.165 
 0.144449  0.546875 -0.165 
 0.144431  0.5625 -0.165 
 0.144404  0.578125 -0.165 
 0.14436  0.59375 -0.165 
 0.144311  0.609375 -0.165 
 0.14425  0.625 -0.165 
 0.144186  0.640625 -0.165 
 0.144116  0.65625 -0.165 
 0.144042  0.671875 -0.165 
 0.143968  0.6875 -0.165 
 0.143894  0.703125 -0.165 
 0.143817  0.71875 -0.165 
 0.143744  0.734375 -0.165 
 0.143672  0.75 -0.165 
 0.143603  0.765625 -0.165 
 0.143539  0.78125 -0.165 
 0.143475  0.796875 -0.165 
 0.143419  0.8125 -0.165 
 0.143364  0.828125 -0.165 
 0.143317  0.84375 -0.165 
 0.143271  0.859375 -0.165 
 0.143232  0.875 -0.165 
 0.143195  0.890625 -0.165 
 0.143165  0.90625 -0.165 
 0.143139  0.921875 -0.165 
 0.143119  0.9375 -0.165 
 0.143102  0.953125 -0.165 
 0.143093  0.96875 -0.165 
 0.143085  0.984375 -0.165 
 0.143085  1 -0.165 


# Contour 34, label:    -0.17
 0.121607  0 -0.17 
 0.121614  0.015625 -0.17 
 0.121635  0.03125 -0.17 
 0.121658  0.046875 -0.17 
 0.121683  0.0625 -0.17 
 0.121714  0.078125 -0.17 
 0.121746  0.09375 -0.17 
 0.121786  0.109375 -0.17 
 0.12183  0.125 -0.17 
 0.121874  0.140625 -0.17 
 0.121926  0.15625 -0.17 
 0.121978  0.171875 -0.17 
 0.122038  0.1875 -0.17 
 0.122102  0.203125 -0.17 
 0.12217  0.21875 -0.17 
 0.122238  0.234375 -0.17 
 0.122315  0.25 -0.17 
 0.122394  0.265625 -0.17 
 0.122475  0.28125 -0.17 
 0.12256  0.296875 -0.17 
 0.122649  0.3125 -0.17 
 0.122738  0.328125 -0.17 
 0.122827  0.34375 -0.17 
 0.122916  0.359375 -0.17 
 0.123005  0.375 -0.17 
 0.12309  0.390625 -0.17 
 0.123175  0.40625 -0.17 
 0.123249  0.421875 -0.17 
 0.123318  0.4375 -0.17 
 0.123383  0.453125 -0.17 
 0.123433  0.46875 -0.17 
 0.123478  0.484375 -0.17 
 0.123507  0.5 -0.17 
 0.123527  0.515625 -0.17 
 0.123539  0.53125 -0.17 
 0.123535  0.546875 -0.17 
 0.123523  0.5625 -0.17 
 0.123503  0.578125 -0.17 
 0.12347  0.59375 -0.17 
 0.12343  0.609375 -0.17 
 0.123384  0.625 -0.17 
 0.123335  0.640625 -0.17 
 0.123279  0.65625 -0.17 
 0.123222  0.671875 -0.17 
 0.12316  0.6875 -0.17 
 0.1231  0.703125 -0.17 
 0.123039  0.71875 -0.17 
 0.122982  0.734375 -0.17 
 0.122921  0.75 -0.17 
 0.122864  0.765625 -0.17 
 0.122812  0.78125 -0.17 
 0.122759  0.796875 -0.17 
 0.122711  0.8125 -0.17 
 0.122666  0.828125 -0.17 
 0.122625  0.84375 -0.17 
 0.122589  0.859375 -0.17 
 0.122553  0.875 -0.17 
 0.122525  0.890625 -0.17 
 0.1225  0.90625 -0.17 
 0.122477  0.921875 -0.17 
 0.12246  0.9375 -0.17 
 0.122448  0.953125 -0.17 
 0.122436  0.96875 -0.17 
 0.122432  0.984375 -0.17 
 0.122432  1 -0.17 


# Contour 35, label:   -0.175
 0.101192  0 -0.175 
 0.101196  0.015625 -0.175 
 0.101214  0.03125 -0.175 
 0.101234  0.046875 -0.175 
 0.101257  0.0625 -0.175 
 0.101279  0.078125 -0.175 
 0.10131  0.09375 -0.175 
 0.10134  0.109375 -0.175 
 0.101377  0.125 -0.175 
 0.101415  0.140625 -0.175 
 0.101456  0.15625 -0.175 
 0.101503  0.171875 -0.175 
 0.101552  0.1875 -0.175 
 0.101601  0.203125 -0.175 
 0.101659  0.21875 -0.175 
 0.101716  0.234375 -0.175 
 0.10178  0.25 -0.175 
 0.101841  0.265625 -0.175 
 0.101909  0.28125 -0.175 
 0.101977  0.296875 -0.175 
 0.10205  0.3125 -0.175 
 0.102122  0.328125 -0.175 
 0.102194  0.34375 -0.175 
 0.102267  0.359375 -0.175 
 0.102336  0.375 -0.175 
 0.102404  0.390625 -0.175 
 0.102469  0.40625 -0.175 
 0.10253  0.421875 -0.175 
 0.102584  0.4375 -0.175 
 0.102634  0.453125 -0.175 
 0.102676  0.46875 -0.175 
 0.10271  0.484375 -0.175 
 0.102735  0.5 -0.175 
 0.102752  0.515625 -0.175 
 0.10276  0.53125 -0.175 
 0.102758  0.546875 -0.175 
 0.10275  0.5625 -0.175 
 0.102735  0.578125 -0.175 
 0.102709  0.59375 -0.175 
 0.10268  0.609375 -0.175 
 0.102644  0.625 -0.175 
 0.102605  0.640625 -0.175 
 0.102563  0.65625 -0.175 
 0.102517  0.671875 -0.175 
 0.102469  0.6875 -0.175 
 0.102423  0.703125 -0.175 
 0.102373  0.71875 -0.175 
 0.102327  0.734375 -0.175 
 0.102277  0.75 -0.175 
 0.102232  0.765625 -0.175 
 0.102188  0.78125 -0.175 
 0.102147  0.796875 -0.175 
 0.102109  0.8125 -0.175 
 0.102072  0.828125 -0.175 
 0.102037  0.84375 -0.175 
 0.102006  0.859375 -0.175 
 0.101979  0.875 -0.175 
 0.101957  0.890625 -0.175 
 0.101934  0.90625 -0.175 
 0.101918  0.921875 -0.175 
 0.101903  0.9375 -0.175 
 0.101891  0.953125 -0.175 
 0.101885  0.96875 -0.175 
 0.10188  0.984375 -0.175 
 0.101878  1 -0.175 


# Contour 36, label:    -0.18
 0.0808518  0 -0.18 
 0.0808558  0.015625 -0.18 
 0.0808687  0.03125 -0.18 
 0.0808857  0.046875 -0.18 
 0.0809027  0.0625 -0.18 
 0.080923  0.078125 -0.18 
 0.0809482  0.09375 -0.18 
 0.0809733  0.109375 -0.18 
 0.0809992  0.125 -0.18 
 0.0810325  0.140625 -0.18 
 0.0810659  0.15625 -0.18 
 0.0811008  0.171875 -0.18 
 0.0811391  0.1875 -0.18 
 0.0811806  0.203125 -0.18 
 0.0812239  0.21875 -0.18 
 0.0812704  0.234375 -0.18 
 0.0813211  0.25 -0.18 
 0.0813686  0.265625 -0.18 
 0.0814235  0.28125 -0.18 
 0.0814753  0.296875 -0.18 
 0.0815312  0.3125 -0.18 
 0.0815872  0.328125 -0.18 
 0.0816433  0.34375 -0.18 
 0.0816995  0.359375 -0.18 
 0.0817548  0.375 -0.18 
 0.081807  0.390625 -0.18 
 0.0818552  0.40625 -0.18 
 0.0819025  0.421875 -0.18 
 0.0819457  0.4375 -0.18 
 0.0819818  0.453125 -0.18 
 0.0820158  0.46875 -0.18 
 0.0820416  0.484375 -0.18 
 0.0820602  0.5 -0.18 
 0.0820725  0.515625 -0.18 
 0.0820808  0.53125 -0.18 
 0.0820808  0.546875 -0.18 
 0.0820725  0.5625 -0.18 
 0.0820632  0.578125 -0.18 
 0.0820457  0.59375 -0.18 
 0.082023  0.609375 -0.18 
 0.0819972  0.625 -0.18 
 0.0819663  0.640625 -0.18 
 0.0819355  0.65625 -0.18 
 0.0819005  0.671875 -0.18 
 0.0818625  0.6875 -0.18 
 0.0818276  0.703125 -0.18 
 0.0817887  0.71875 -0.18 
 0.0817538  0.734375 -0.18 
 0.081715  0.75 -0.18 
 0.0816802  0.765625 -0.18 
 0.0816455  0.78125 -0.18 
 0.0816118  0.796875 -0.18 
 0.0815822  0.8125 -0.18 
 0.0815558  0.828125 -0.18 
 0.0815262  0.84375 -0.18 
 0.0815039  0.859375 -0.18 
 0.0814826  0.875 -0.18 
 0.0814621  0.890625 -0.18 
 0.0814449  0.90625 -0.18 
 0.0814317  0.921875 -0.18 
 0.0814194  0.9375 -0.18 
 0.0814104  0.953125 -0.18 
 0.0814063  0.96875 -0.18 
 0.0814022  0.984375 -0.18 
 0.0814013  1 -0.18 


# Contour 37, label:   -0.185
 0.0605782  0 -0.185 
 0.0605823  0.015625 -0.185 
 0.0605939  0.03125 -0.185 
 0.0606056  0.046875 -0.185 
 0.0606177  0.0625 -0.185 
 0.0606334  0.078125 -0.185 
 0.0606491  0.09375 -0.185 
 0.0606684  0.109375 -0.185 
 0.0606918  0.125 -0.185 
 0.0607157  0.140625 -0.185 
 0.0607396  0.15625 -0.185 
 0.060767  0.171875 -0.185 
 0.0607946  0.1875 -0.185 
 0.0608262  0.203125 -0.185 
 0.0608578  0.21875 -0.185 
 0.0608936  0.234375 -0.185 
 0.060929  0.25 -0.185 
 0.0609648  0.265625 -0.185 
 0.0610047  0.28125 -0.185 
 0.0610443  0.296875 -0.185 
 0.0610844  0.3125 -0.185 
 0.0611241  0.328125 -0.185 
 0.061168  0.34375 -0.185 
 0.0612078  0.359375 -0.185 
 0.061248  0.375 -0.185 
 0.0612842  0.390625 -0.185 
 0.0613201  0.40625 -0.185 
 0.0613523  0.421875 -0.185 
 0.0613845  0.4375 -0.185 
 0.0614127  0.453125 -0.185 
 0.0614329  0.46875 -0.185 
 0.0614531  0.484375 -0.185 
 0.061469  0.5 -0.185 
 0.0614772  0.515625 -0.185 
 0.0614813  0.53125 -0.185 
 0.0614852  0.546875 -0.185 
 0.0614813  0.5625 -0.185 
 0.0614731  0.578125 -0.185 
 0.0614611  0.59375 -0.185 
 0.0614449  0.609375 -0.185 
 0.061425  0.625 -0.185 
 0.0614047  0.640625 -0.185 
 0.0613807  0.65625 -0.185 
 0.0613564  0.671875 -0.185 
 0.0613283  0.6875 -0.185 
 0.0613044  0.703125 -0.185 
 0.0612764  0.71875 -0.185 
 0.0612484  0.734375 -0.185 
 0.0612242  0.75 -0.185 
 0.0611962  0.765625 -0.185 
 0.061172  0.78125 -0.185 
 0.0611482  0.796875 -0.185 
 0.0611244  0.8125 -0.185 
 0.0611044  0.828125 -0.185 
 0.0610844  0.84375 -0.185 
 0.0610684  0.859375 -0.185 
 0.0610525  0.875 -0.185 
 0.0610366  0.890625 -0.185 
 0.0610247  0.90625 -0.185 
 0.0610129  0.921875 -0.185 
 0.0610047  0.9375 -0.185 
 0.060997  0.953125 -0.185 
 0.0609929  0.96875 -0.185 
 0.0609929  0.984375 -0.185 
 0.0609925  1 -0.185 


# Contour 38, label:    -0.19
 0.0403592  0 -0.19 
 0.0403616  0.015625 -0.19 
 0.040368  0.03125 -0.19 
 0.040376  0.046875 -0.19 
 0.0403865  0.0625 -0.19 
 0.0403969  0.078125 -0.19 
 0.0404074  0.09375 -0.19 
 0.0404179  0.109375 -0.19 
 0.0404324  0.125 -0.19 
 0.0404493  0.140625 -0.19 
 0.0404662  0.15625 -0.19 
 0.0404831  0.171875 -0.19 
 0.0405018  0.1875 -0.19 
 0.0405228  0.203125 -0.19 
 0.0405438  0.21875 -0.19 
 0.0405673  0.234375 -0.19 
 0.0405901  0.25 -0.19 
 0.0406136  0.265625 -0.19 
 0.0406413  0.28125 -0.19 
 0.0406665  0.296875 -0.19 
 0.0406943  0.3125 -0.19 
 0.0407196  0.328125 -0.19 
 0.0407474  0.34375 -0.19 
 0.0407728  0.359375 -0.19 
 0.0408007  0.375 -0.19 
 0.0408261  0.390625 -0.19 
 0.0408475  0.40625 -0.19 
 0.0408688  0.421875 -0.19 
 0.0408903  0.4375 -0.19 
 0.0409076  0.453125 -0.19 
 0.0409224  0.46875 -0.19 
 0.0409357  0.484375 -0.19 
 0.0409439  0.5 -0.19 
 0.0409505  0.515625 -0.19 
 0.0409546  0.53125 -0.19 
 0.0409546  0.546875 -0.19 
 0.0409531  0.5625 -0.19 
 0.0409464  0.578125 -0.19 
 0.0409398  0.59375 -0.19 
 0.0409291  0.609375 -0.19 
 0.0409183  0.625 -0.19 
 0.0409051  0.640625 -0.19 
 0.0408903  0.65625 -0.19 
 0.0408729  0.671875 -0.19 
 0.0408556  0.6875 -0.19 
 0.0408393  0.703125 -0.19 
 0.040822  0.71875 -0.19 
 0.0408047  0.734375 -0.19 
 0.0407875  0.75 -0.19 
 0.0407687  0.765625 -0.19 
 0.0407515  0.78125 -0.19 
 0.0407368  0.796875 -0.19 
 0.0407236  0.8125 -0.19 
 0.040709  0.828125 -0.19 
 0.0406959  0.84375 -0.19 
 0.0406837  0.859375 -0.19 
 0.0406731  0.875 -0.19 
 0.0406641  0.890625 -0.19 
 0.0406559  0.90625 -0.19 
 0.0406494  0.921875 -0.19 
 0.0406429  0.9375 -0.19 
 0.0406388  0.953125 -0.19 
 0.0406348  0.96875 -0.19 
 0.0406348  0.984375 -0.19 
 0.0406323  1 -0.19 


# Contour 39, label:   -0.195
 0.02017  0 -0.195 
 0.02017  0.015625 -0.195 
 0.0201741  0.03125 -0.195 
 0.0201793  0.046875 -0.195 
 0.0201845  0.0625 -0.195 
 0.0201897  0.078125 -0.195 
 0.0201949  0.09375 -0.195 
 0.0202001  0.109375 -0.195 
 0.0202066  0.125 -0.195 
 0.0202158  0.140625 -0.195 
 0.0202223  0.15625 -0.195 
 0.0202315  0.171875 -0.195 
 0.020242  0.1875 -0.195 
 0.0202525  0.203125 -0.195 
 0.020263  0.21875 -0.195 
 0.0202736  0.234375 -0.195 
 0.0202853  0.25 -0.195 
 0.0202987  0.265625 -0.195 
 0.0203105  0.28125 -0.195 
 0.0203223  0.296875 -0.195 
 0.0203369  0.3125 -0.195 
 0.0203487  0.328125 -0.195 
 0.0203634  0.34375 -0.195 
 0.0203753  0.359375 -0.195 
 0.02039  0.375 -0.195 
 0.0204019  0.390625 -0.195 
 0.0204126  0.40625 -0.195 
 0.0204233  0.421875 -0.195 
 0.020434  0.4375 -0.195 
 0.0204434  0.453125 -0.195 
 0.02045  0.46875 -0.195 
 0.0204554  0.484375 -0.195 
 0.0204607  0.5 -0.195 
 0.0204648  0.515625 -0.195 
 0.0204661  0.53125 -0.195 
 0.0204661  0.546875 -0.195 
 0.0204648  0.5625 -0.195 
 0.0204607  0.578125 -0.195 
 0.0204595  0.59375 -0.195 
 0.0204541  0.609375 -0.195 
 0.0204487  0.625 -0.195 
 0.0204434  0.640625 -0.195 
 0.020434  0.65625 -0.195 
 0.0204273  0.671875 -0.195 
 0.0204179  0.6875 -0.195 
 0.0204101  0.703125 -0.195 
 0.0204007  0.71875 -0.195 
 0.0203913  0.734375 -0.195 
 0.0203847  0.75 -0.195 
 0.0203741  0.765625 -0.195 
 0.0203675  0.78125 -0.195 
 0.0203581  0.796875 -0.195 
 0.0203528  0.8125 -0.195 
 0.0203434  0.828125 -0.195 
 0.0203381  0.84375 -0.195 
 0.0203316  0.859375 -0.195 
 0.0203263  0.875 -0.195 
 0.0203223  0.890625 -0.195 
 0.020317  0.90625 -0.195 
 0.0203158  0.921875 -0.195 
 0.0203117  0.9375 -0.195 
 0.0203105  0.953125 -0.195 
 0.0203092  0.96875 -0.195 
 0.0203064  0.984375 -0.195 
 0.0203064  1 -0.195 

